          28
           1 BCUT     40.8279991      -124.083000     -0.382148296      0.988488972       1.22150242
           2 P058     40.8759995      -124.074997     -0.350463897      0.880260050       1.07564819
           3 P157     40.2480011      -124.307999     -0.282250941       2.96915603      -1.19644034
           4 P158     40.4220009      -124.107002     -0.322977901       1.50274932       2.46320176
           5 P159     40.5050011      -124.282997     -0.576996505       3.45474005       4.91934109
           6 P160     40.5509987      -124.133003     -0.507366538       1.79527223       2.59451962
           7 P161     40.6370010      -124.212997     -0.565325439       2.01296997       2.59056473
           8 P162     40.6910019      -124.237000     -0.541580379       1.84705198       2.27018666
           9 P163     40.2200012      -124.056999       8.97549391E-02   1.00866497     -0.264613539
          10 P164     40.1189995      -123.693001       7.58640766E-02  0.465183616     -0.185726881
          11 P165     40.2449989      -123.852997      -1.98501139E-03  0.586613357      0.110528365
          12 P166     40.4350014      -123.862999     -0.216372207      0.676884592      0.927382290
          13 P167     40.5439987      -123.879997     -0.303307027      0.788492560       1.16671515
          14 P168     40.6689987      -123.882004     -0.333896637      0.800089061       1.13261664
          15 P169     40.7910004      -123.968002     -0.355227619      0.862370431       1.12363851
          16 P170     40.8800011      -123.862999     -0.285479277      0.638778806      0.828155518
          17 P315     39.8639984      -123.717003      0.184431285      0.553824782     -0.466774285
          18 P317     39.9059982      -123.552002      0.124189690      0.401350439     -0.303953797
          19 P321     39.8969994      -123.394997       9.16172788E-02  0.308025062     -0.215055153
          20 P324     40.2570000      -123.655998      -2.39284299E-02  0.401460320      0.131218553
          21 P325     41.1520004      -123.883003     -0.196327776      0.427524149      0.518036902
          22 P326     40.5750008      -123.698997     -0.222930804      0.516918778      0.740895808
          23 P327     40.4790001      -123.572998     -0.143047318      0.378084838      0.473842323
          24 P329     40.0820007      -123.452003       4.92160916E-02  0.308353812     -0.106033593
          25 P331     40.7330017      -123.323997     -0.141174525      0.279401392      0.400773615
          26 P343     40.8870010      -123.334000     -0.149167061      0.285884768      0.406773806
          27 P793     40.4790001      -123.572998     -0.143047318      0.378084838      0.473842323
          28 TRND     41.0540009      -124.151001     -0.251081020      0.603903651      0.724503517
