dt: 0.01
Time[s]     Moment_Rate [Nm/s]
    0.00		0.0000e+00
    0.01		5.3565e+10
    0.02		2.6781e+11
    0.03		7.4979e+11
    0.04		1.6065e+12
    0.05		2.9448e+12
    0.06		4.8713e+12
    0.07		7.4927e+12
    0.08		1.0915e+13
    0.09		1.5245e+13
    0.10		2.0587e+13
    0.11		2.7048e+13
    0.12		3.4733e+13
    0.13		4.3745e+13
    0.14		5.4190e+13
    0.15		6.6172e+13
    0.16		7.9792e+13
    0.17		9.5156e+13
    0.18		1.1236e+14
    0.19		1.3152e+14
    0.20		1.5272e+14
    0.21		1.7607e+14
    0.22		2.0167e+14
    0.23		2.2961e+14
    0.24		2.6000e+14
    0.25		2.9294e+14
    0.26		3.2851e+14
    0.27		3.6682e+14
    0.28		4.0796e+14
    0.29		4.5202e+14
    0.30		4.9910e+14
    0.31		5.4930e+14
    0.32		6.0269e+14
    0.33		6.5938e+14
    0.34		7.1945e+14
    0.35		7.8298e+14
    0.36		8.5008e+14
    0.37		9.2082e+14
    0.38		9.9529e+14
    0.39		1.0736e+15
    0.40		1.1557e+15
    0.41		1.2419e+15
    0.42		1.3321e+15
    0.43		1.4265e+15
    0.44		1.5250e+15
    0.45		1.6279e+15
    0.46		1.7351e+15
    0.47		1.8467e+15
    0.48		1.9629e+15
    0.49		2.0837e+15
    0.50		2.2091e+15
    0.51		2.3392e+15
    0.52		2.4741e+15
    0.53		2.6139e+15
    0.54		2.7586e+15
    0.55		2.9082e+15
    0.56		3.0629e+15
    0.57		3.2228e+15
    0.58		3.3877e+15
    0.59		3.5579e+15
    0.60		3.7334e+15
    0.61		3.9142e+15
    0.62		4.1003e+15
    0.63		4.2919e+15
    0.64		4.4890e+15
    0.65		4.6916e+15
    0.66		4.8997e+15
    0.67		5.1135e+15
    0.68		5.3329e+15
    0.69		5.5580e+15
    0.70		5.7889e+15
    0.71		6.0255e+15
    0.72		6.2679e+15
    0.73		6.5162e+15
    0.74		6.7704e+15
    0.75		7.0304e+15
    0.76		7.2964e+15
    0.77		7.5685e+15
    0.78		7.8466e+15
    0.79		8.1308e+15
    0.80		8.4213e+15
    0.81		8.7180e+15
    0.82		9.0211e+15
    0.83		9.3305e+15
    0.84		9.6464e+15
    0.85		9.9687e+15
    0.86		1.0298e+16
    0.87		1.0633e+16
    0.88		1.0975e+16
    0.89		1.1324e+16
    0.90		1.1679e+16
    0.91		1.2042e+16
    0.92		1.2411e+16
    0.93		1.2787e+16
    0.94		1.3169e+16
    0.95		1.3559e+16
    0.96		1.3956e+16
    0.97		1.4359e+16
    0.98		1.4770e+16
    0.99		1.5188e+16
    1.00		1.5613e+16
    1.01		1.6046e+16
    1.02		1.6486e+16
    1.03		1.6933e+16
    1.04		1.7388e+16
    1.05		1.7851e+16
    1.06		1.8321e+16
    1.07		1.8799e+16
    1.08		1.9285e+16
    1.09		1.9780e+16
    1.10		2.0284e+16
    1.11		2.0797e+16
    1.12		2.1319e+16
    1.13		2.1852e+16
    1.14		2.2394e+16
    1.15		2.2947e+16
    1.16		2.3511e+16
    1.17		2.4086e+16
    1.18		2.4673e+16
    1.19		2.5271e+16
    1.20		2.5881e+16
    1.21		2.6504e+16
    1.22		2.7139e+16
    1.23		2.7787e+16
    1.24		2.8448e+16
    1.25		2.9123e+16
    1.26		2.9812e+16
    1.27		3.0515e+16
    1.28		3.1232e+16
    1.29		3.1963e+16
    1.30		3.2710e+16
    1.31		3.3472e+16
    1.32		3.4249e+16
    1.33		3.5042e+16
    1.34		3.5850e+16
    1.35		3.6675e+16
    1.36		3.7516e+16
    1.37		3.8374e+16
    1.38		3.9248e+16
    1.39		4.0140e+16
    1.40		4.1049e+16
    1.41		4.1976e+16
    1.42		4.2920e+16
    1.43		4.3883e+16
    1.44		4.4864e+16
    1.45		4.5864e+16
    1.46		4.6882e+16
    1.47		4.7919e+16
    1.48		4.8976e+16
    1.49		5.0052e+16
    1.50		5.1147e+16
    1.51		5.2262e+16
    1.52		5.3397e+16
    1.53		5.4551e+16
    1.54		5.5725e+16
    1.55		5.6919e+16
    1.56		5.8133e+16
    1.57		5.9366e+16
    1.58		6.0620e+16
    1.59		6.1893e+16
    1.60		6.3186e+16
    1.61		6.4498e+16
    1.62		6.5831e+16
    1.63		6.7183e+16
    1.64		6.8556e+16
    1.65		6.9948e+16
    1.66		7.1359e+16
    1.67		7.2791e+16
    1.68		7.4244e+16
    1.69		7.5719e+16
    1.70		7.7217e+16
    1.71		7.8739e+16
    1.72		8.0287e+16
    1.73		8.1862e+16
    1.74		8.3467e+16
    1.75		8.5102e+16
    1.76		8.6770e+16
    1.77		8.8472e+16
    1.78		9.0209e+16
    1.79		9.1984e+16
    1.80		9.3798e+16
    1.81		9.5653e+16
    1.82		9.7549e+16
    1.83		9.9489e+16
    1.84		1.0147e+17
    1.85		1.0350e+17
    1.86		1.0558e+17
    1.87		1.0770e+17
    1.88		1.0988e+17
    1.89		1.1211e+17
    1.90		1.1439e+17
    1.91		1.1672e+17
    1.92		1.1912e+17
    1.93		1.2157e+17
    1.94		1.2409e+17
    1.95		1.2667e+17
    1.96		1.2931e+17
    1.97		1.3202e+17
    1.98		1.3481e+17
    1.99		1.3766e+17
    2.00		1.4059e+17
    2.01		1.4359e+17
    2.02		1.4667e+17
    2.03		1.4982e+17
    2.04		1.5306e+17
    2.05		1.5638e+17
    2.06		1.5978e+17
    2.07		1.6326e+17
    2.08		1.6684e+17
    2.09		1.7050e+17
    2.10		1.7425e+17
    2.11		1.7809e+17
    2.12		1.8202e+17
    2.13		1.8605e+17
    2.14		1.9017e+17
    2.15		1.9439e+17
    2.16		1.9871e+17
    2.17		2.0312e+17
    2.18		2.0764e+17
    2.19		2.1226e+17
    2.20		2.1698e+17
    2.21		2.2180e+17
    2.22		2.2673e+17
    2.23		2.3176e+17
    2.24		2.3690e+17
    2.25		2.4215e+17
    2.26		2.4750e+17
    2.27		2.5297e+17
    2.28		2.5854e+17
    2.29		2.6423e+17
    2.30		2.7002e+17
    2.31		2.7593e+17
    2.32		2.8195e+17
    2.33		2.8809e+17
    2.34		2.9434e+17
    2.35		3.0070e+17
    2.36		3.0718e+17
    2.37		3.1377e+17
    2.38		3.2048e+17
    2.39		3.2731e+17
    2.40		3.3425e+17
    2.41		3.4132e+17
    2.42		3.4849e+17
    2.43		3.5579e+17
    2.44		3.6321e+17
    2.45		3.7074e+17
    2.46		3.7839e+17
    2.47		3.8615e+17
    2.48		3.9403e+17
    2.49		4.0202e+17
    2.50		4.1013e+17
    2.51		4.1836e+17
    2.52		4.2669e+17
    2.53		4.3515e+17
    2.54		4.4371e+17
    2.55		4.5239e+17
    2.56		4.6119e+17
    2.57		4.7009e+17
    2.58		4.7911e+17
    2.59		4.8825e+17
    2.60		4.9749e+17
    2.61		5.0685e+17
    2.62		5.1632e+17
    2.63		5.2590e+17
    2.64		5.3559e+17
    2.65		5.4539e+17
    2.66		5.5530e+17
    2.67		5.6531e+17
    2.68		5.7543e+17
    2.69		5.8565e+17
    2.70		5.9596e+17
    2.71		6.0638e+17
    2.72		6.1690e+17
    2.73		6.2752e+17
    2.74		6.3824e+17
    2.75		6.4905e+17
    2.76		6.5995e+17
    2.77		6.7096e+17
    2.78		6.8205e+17
    2.79		6.9324e+17
    2.80		7.0451e+17
    2.81		7.1588e+17
    2.82		7.2733e+17
    2.83		7.3887e+17
    2.84		7.5050e+17
    2.85		7.6221e+17
    2.86		7.7401e+17
    2.87		7.8588e+17
    2.88		7.9784e+17
    2.89		8.0987e+17
    2.90		8.2198e+17
    2.91		8.3417e+17
    2.92		8.4643e+17
    2.93		8.5877e+17
    2.94		8.7117e+17
    2.95		8.8365e+17
    2.96		8.9619e+17
    2.97		9.0880e+17
    2.98		9.2147e+17
    2.99		9.3422e+17
    3.00		9.4703e+17
    3.01		9.5991e+17
    3.02		9.7286e+17
    3.03		9.8589e+17
    3.04		9.9898e+17
    3.05		1.0121e+18
    3.06		1.0254e+18
    3.07		1.0387e+18
    3.08		1.0521e+18
    3.09		1.0656e+18
    3.10		1.0792e+18
    3.11		1.0928e+18
    3.12		1.1066e+18
    3.13		1.1204e+18
    3.14		1.1344e+18
    3.15		1.1484e+18
    3.16		1.1625e+18
    3.17		1.1768e+18
    3.18		1.1911e+18
    3.19		1.2056e+18
    3.20		1.2201e+18
    3.21		1.2348e+18
    3.22		1.2496e+18
    3.23		1.2645e+18
    3.24		1.2795e+18
    3.25		1.2946e+18
    3.26		1.3098e+18
    3.27		1.3251e+18
    3.28		1.3406e+18
    3.29		1.3562e+18
    3.30		1.3718e+18
    3.31		1.3876e+18
    3.32		1.4035e+18
    3.33		1.4196e+18
    3.34		1.4357e+18
    3.35		1.4519e+18
    3.36		1.4683e+18
    3.37		1.4848e+18
    3.38		1.5014e+18
    3.39		1.5181e+18
    3.40		1.5349e+18
    3.41		1.5518e+18
    3.42		1.5688e+18
    3.43		1.5859e+18
    3.44		1.6032e+18
    3.45		1.6206e+18
    3.46		1.6380e+18
    3.47		1.6556e+18
    3.48		1.6733e+18
    3.49		1.6911e+18
    3.50		1.7091e+18
    3.51		1.7271e+18
    3.52		1.7453e+18
    3.53		1.7635e+18
    3.54		1.7819e+18
    3.55		1.8005e+18
    3.56		1.8191e+18
    3.57		1.8379e+18
    3.58		1.8568e+18
    3.59		1.8758e+18
    3.60		1.8950e+18
    3.61		1.9143e+18
    3.62		1.9337e+18
    3.63		1.9533e+18
    3.64		1.9730e+18
    3.65		1.9928e+18
    3.66		2.0128e+18
    3.67		2.0329e+18
    3.68		2.0531e+18
    3.69		2.0735e+18
    3.70		2.0941e+18
    3.71		2.1148e+18
    3.72		2.1356e+18
    3.73		2.1566e+18
    3.74		2.1777e+18
    3.75		2.1990e+18
    3.76		2.2204e+18
    3.77		2.2419e+18
    3.78		2.2636e+18
    3.79		2.2854e+18
    3.80		2.3074e+18
    3.81		2.3295e+18
    3.82		2.3517e+18
    3.83		2.3740e+18
    3.84		2.3965e+18
    3.85		2.4191e+18
    3.86		2.4417e+18
    3.87		2.4645e+18
    3.88		2.4874e+18
    3.89		2.5104e+18
    3.90		2.5335e+18
    3.91		2.5567e+18
    3.92		2.5799e+18
    3.93		2.6033e+18
    3.94		2.6267e+18
    3.95		2.6502e+18
    3.96		2.6738e+18
    3.97		2.6974e+18
    3.98		2.7211e+18
    3.99		2.7449e+18
    4.00		2.7687e+18
    4.01		2.7926e+18
    4.02		2.8165e+18
    4.03		2.8405e+18
    4.04		2.8646e+18
    4.05		2.8887e+18
    4.06		2.9128e+18
    4.07		2.9370e+18
    4.08		2.9612e+18
    4.09		2.9854e+18
    4.10		3.0097e+18
    4.11		3.0340e+18
    4.12		3.0583e+18
    4.13		3.0827e+18
    4.14		3.1071e+18
    4.15		3.1315e+18
    4.16		3.1559e+18
    4.17		3.1803e+18
    4.18		3.2048e+18
    4.19		3.2293e+18
    4.20		3.2538e+18
    4.21		3.2783e+18
    4.22		3.3029e+18
    4.23		3.3274e+18
    4.24		3.3519e+18
    4.25		3.3765e+18
    4.26		3.4011e+18
    4.27		3.4256e+18
    4.28		3.4502e+18
    4.29		3.4748e+18
    4.30		3.4993e+18
    4.31		3.5238e+18
    4.32		3.5484e+18
    4.33		3.5729e+18
    4.34		3.5973e+18
    4.35		3.6218e+18
    4.36		3.6462e+18
    4.37		3.6706e+18
    4.38		3.6950e+18
    4.39		3.7193e+18
    4.40		3.7436e+18
    4.41		3.7678e+18
    4.42		3.7920e+18
    4.43		3.8162e+18
    4.44		3.8403e+18
    4.45		3.8644e+18
    4.46		3.8884e+18
    4.47		3.9123e+18
    4.48		3.9362e+18
    4.49		3.9600e+18
    4.50		3.9838e+18
    4.51		4.0075e+18
    4.52		4.0311e+18
    4.53		4.0547e+18
    4.54		4.0782e+18
    4.55		4.1016e+18
    4.56		4.1250e+18
    4.57		4.1482e+18
    4.58		4.1714e+18
    4.59		4.1945e+18
    4.60		4.2176e+18
    4.61		4.2405e+18
    4.62		4.2634e+18
    4.63		4.2862e+18
    4.64		4.3089e+18
    4.65		4.3315e+18
    4.66		4.3540e+18
    4.67		4.3764e+18
    4.68		4.3987e+18
    4.69		4.4210e+18
    4.70		4.4431e+18
    4.71		4.4651e+18
    4.72		4.4870e+18
    4.73		4.5087e+18
    4.74		4.5304e+18
    4.75		4.5519e+18
    4.76		4.5733e+18
    4.77		4.5946e+18
    4.78		4.6157e+18
    4.79		4.6367e+18
    4.80		4.6575e+18
    4.81		4.6782e+18
    4.82		4.6987e+18
    4.83		4.7191e+18
    4.84		4.7393e+18
    4.85		4.7593e+18
    4.86		4.7792e+18
    4.87		4.7989e+18
    4.88		4.8184e+18
    4.89		4.8378e+18
    4.90		4.8570e+18
    4.91		4.8760e+18
    4.92		4.8947e+18
    4.93		4.9133e+18
    4.94		4.9317e+18
    4.95		4.9499e+18
    4.96		4.9678e+18
    4.97		4.9855e+18
    4.98		5.0030e+18
    4.99		5.0203e+18
    5.00		5.0373e+18
    5.01		5.0541e+18
    5.02		5.0706e+18
    5.03		5.0868e+18
    5.04		5.1028e+18
    5.05		5.1186e+18
    5.06		5.1340e+18
    5.07		5.1492e+18
    5.08		5.1641e+18
    5.09		5.1787e+18
    5.10		5.1930e+18
    5.11		5.2070e+18
    5.12		5.2208e+18
    5.13		5.2342e+18
    5.14		5.2473e+18
    5.15		5.2601e+18
    5.16		5.2726e+18
    5.17		5.2847e+18
    5.18		5.2965e+18
    5.19		5.3080e+18
    5.20		5.3192e+18
    5.21		5.3300e+18
    5.22		5.3405e+18
    5.23		5.3506e+18
    5.24		5.3604e+18
    5.25		5.3698e+18
    5.26		5.3789e+18
    5.27		5.3876e+18
    5.28		5.3960e+18
    5.29		5.4040e+18
    5.30		5.4116e+18
    5.31		5.4188e+18
    5.32		5.4257e+18
    5.33		5.4322e+18
    5.34		5.4384e+18
    5.35		5.4441e+18
    5.36		5.4495e+18
    5.37		5.4545e+18
    5.38		5.4592e+18
    5.39		5.4634e+18
    5.40		5.4673e+18
    5.41		5.4709e+18
    5.42		5.4740e+18
    5.43		5.4768e+18
    5.44		5.4792e+18
    5.45		5.4812e+18
    5.46		5.4829e+18
    5.47		5.4843e+18
    5.48		5.4853e+18
    5.49		5.4859e+18
    5.50		5.4862e+18
    5.51		5.4862e+18
    5.52		5.4858e+18
    5.53		5.4852e+18
    5.54		5.4842e+18
    5.55		5.4829e+18
    5.56		5.4812e+18
    5.57		5.4793e+18
    5.58		5.4771e+18
    5.59		5.4746e+18
    5.60		5.4718e+18
    5.61		5.4687e+18
    5.62		5.4654e+18
    5.63		5.4618e+18
    5.64		5.4580e+18
    5.65		5.4539e+18
    5.66		5.4496e+18
    5.67		5.4451e+18
    5.68		5.4403e+18
    5.69		5.4354e+18
    5.70		5.4302e+18
    5.71		5.4249e+18
    5.72		5.4193e+18
    5.73		5.4136e+18
    5.74		5.4077e+18
    5.75		5.4017e+18
    5.76		5.3955e+18
    5.77		5.3892e+18
    5.78		5.3828e+18
    5.79		5.3762e+18
    5.80		5.3695e+18
    5.81		5.3628e+18
    5.82		5.3559e+18
    5.83		5.3489e+18
    5.84		5.3419e+18
    5.85		5.3348e+18
    5.86		5.3276e+18
    5.87		5.3204e+18
    5.88		5.3132e+18
    5.89		5.3059e+18
    5.90		5.2987e+18
    5.91		5.2914e+18
    5.92		5.2841e+18
    5.93		5.2768e+18
    5.94		5.2696e+18
    5.95		5.2623e+18
    5.96		5.2551e+18
    5.97		5.2480e+18
    5.98		5.2409e+18
    5.99		5.2339e+18
    6.00		5.2269e+18
    6.01		5.2200e+18
    6.02		5.2132e+18
    6.03		5.2065e+18
    6.04		5.1999e+18
    6.05		5.1933e+18
    6.06		5.1869e+18
    6.07		5.1805e+18
    6.08		5.1743e+18
    6.09		5.1682e+18
    6.10		5.1622e+18
    6.11		5.1563e+18
    6.12		5.1505e+18
    6.13		5.1449e+18
    6.14		5.1393e+18
    6.15		5.1339e+18
    6.16		5.1287e+18
    6.17		5.1235e+18
    6.18		5.1185e+18
    6.19		5.1136e+18
    6.20		5.1088e+18
    6.21		5.1042e+18
    6.22		5.0997e+18
    6.23		5.0953e+18
    6.24		5.0910e+18
    6.25		5.0869e+18
    6.26		5.0829e+18
    6.27		5.0790e+18
    6.28		5.0753e+18
    6.29		5.0717e+18
    6.30		5.0682e+18
    6.31		5.0648e+18
    6.32		5.0616e+18
    6.33		5.0584e+18
    6.34		5.0554e+18
    6.35		5.0525e+18
    6.36		5.0497e+18
    6.37		5.0470e+18
    6.38		5.0444e+18
    6.39		5.0419e+18
    6.40		5.0396e+18
    6.41		5.0373e+18
    6.42		5.0351e+18
    6.43		5.0330e+18
    6.44		5.0310e+18
    6.45		5.0290e+18
    6.46		5.0272e+18
    6.47		5.0254e+18
    6.48		5.0236e+18
    6.49		5.0220e+18
    6.50		5.0204e+18
    6.51		5.0188e+18
    6.52		5.0173e+18
    6.53		5.0159e+18
    6.54		5.0144e+18
    6.55		5.0130e+18
    6.56		5.0117e+18
    6.57		5.0103e+18
    6.58		5.0090e+18
    6.59		5.0076e+18
    6.60		5.0063e+18
    6.61		5.0049e+18
    6.62		5.0035e+18
    6.63		5.0022e+18
    6.64		5.0007e+18
    6.65		4.9993e+18
    6.66		4.9978e+18
    6.67		4.9962e+18
    6.68		4.9946e+18
    6.69		4.9930e+18
    6.70		4.9912e+18
    6.71		4.9894e+18
    6.72		4.9875e+18
    6.73		4.9855e+18
    6.74		4.9835e+18
    6.75		4.9813e+18
    6.76		4.9790e+18
    6.77		4.9767e+18
    6.78		4.9742e+18
    6.79		4.9716e+18
    6.80		4.9689e+18
    6.81		4.9661e+18
    6.82		4.9632e+18
    6.83		4.9601e+18
    6.84		4.9570e+18
    6.85		4.9537e+18
    6.86		4.9503e+18
    6.87		4.9467e+18
    6.88		4.9431e+18
    6.89		4.9393e+18
    6.90		4.9354e+18
    6.91		4.9313e+18
    6.92		4.9272e+18
    6.93		4.9229e+18
    6.94		4.9185e+18
    6.95		4.9139e+18
    6.96		4.9093e+18
    6.97		4.9045e+18
    6.98		4.8996e+18
    6.99		4.8946e+18
    7.00		4.8894e+18
    7.01		4.8841e+18
    7.02		4.8787e+18
    7.03		4.8732e+18
    7.04		4.8676e+18
    7.05		4.8618e+18
    7.06		4.8560e+18
    7.07		4.8500e+18
    7.08		4.8439e+18
    7.09		4.8377e+18
    7.10		4.8314e+18
    7.11		4.8250e+18
    7.12		4.8184e+18
    7.13		4.8118e+18
    7.14		4.8050e+18
    7.15		4.7982e+18
    7.16		4.7912e+18
    7.17		4.7841e+18
    7.18		4.7769e+18
    7.19		4.7696e+18
    7.20		4.7622e+18
    7.21		4.7547e+18
    7.22		4.7470e+18
    7.23		4.7393e+18
    7.24		4.7315e+18
    7.25		4.7235e+18
    7.26		4.7155e+18
    7.27		4.7074e+18
    7.28		4.6991e+18
    7.29		4.6908e+18
    7.30		4.6824e+18
    7.31		4.6739e+18
    7.32		4.6653e+18
    7.33		4.6566e+18
    7.34		4.6478e+18
    7.35		4.6389e+18
    7.36		4.6300e+18
    7.37		4.6209e+18
    7.38		4.6118e+18
    7.39		4.6027e+18
    7.40		4.5934e+18
    7.41		4.5841e+18
    7.42		4.5747e+18
    7.43		4.5652e+18
    7.44		4.5557e+18
    7.45		4.5460e+18
    7.46		4.5364e+18
    7.47		4.5266e+18
    7.48		4.5168e+18
    7.49		4.5069e+18
    7.50		4.4969e+18
    7.51		4.4869e+18
    7.52		4.4768e+18
    7.53		4.4667e+18
    7.54		4.4564e+18
    7.55		4.4461e+18
    7.56		4.4358e+18
    7.57		4.4254e+18
    7.58		4.4149e+18
    7.59		4.4043e+18
    7.60		4.3937e+18
    7.61		4.3831e+18
    7.62		4.3723e+18
    7.63		4.3615e+18
    7.64		4.3507e+18
    7.65		4.3398e+18
    7.66		4.3288e+18
    7.67		4.3178e+18
    7.68		4.3067e+18
    7.69		4.2956e+18
    7.70		4.2844e+18
    7.71		4.2732e+18
    7.72		4.2619e+18
    7.73		4.2505e+18
    7.74		4.2391e+18
    7.75		4.2277e+18
    7.76		4.2162e+18
    7.77		4.2046e+18
    7.78		4.1930e+18
    7.79		4.1814e+18
    7.80		4.1697e+18
    7.81		4.1579e+18
    7.82		4.1461e+18
    7.83		4.1342e+18
    7.84		4.1223e+18
    7.85		4.1103e+18
    7.86		4.0983e+18
    7.87		4.0862e+18
    7.88		4.0741e+18
    7.89		4.0619e+18
    7.90		4.0496e+18
    7.91		4.0373e+18
    7.92		4.0250e+18
    7.93		4.0126e+18
    7.94		4.0001e+18
    7.95		3.9876e+18
    7.96		3.9751e+18
    7.97		3.9625e+18
    7.98		3.9499e+18
    7.99		3.9373e+18
    8.00		3.9246e+18
    8.01		3.9119e+18
    8.02		3.8991e+18
    8.03		3.8864e+18
    8.04		3.8736e+18
    8.05		3.8607e+18
    8.06		3.8479e+18
    8.07		3.8351e+18
    8.08		3.8222e+18
    8.09		3.8093e+18
    8.10		3.7964e+18
    8.11		3.7836e+18
    8.12		3.7707e+18
    8.13		3.7578e+18
    8.14		3.7449e+18
    8.15		3.7321e+18
    8.16		3.7192e+18
    8.17		3.7064e+18
    8.18		3.6936e+18
    8.19		3.6809e+18
    8.20		3.6682e+18
    8.21		3.6555e+18
    8.22		3.6429e+18
    8.23		3.6303e+18
    8.24		3.6178e+18
    8.25		3.6053e+18
    8.26		3.5929e+18
    8.27		3.5805e+18
    8.28		3.5683e+18
    8.29		3.5561e+18
    8.30		3.5440e+18
    8.31		3.5320e+18
    8.32		3.5201e+18
    8.33		3.5082e+18
    8.34		3.4965e+18
    8.35		3.4849e+18
    8.36		3.4734e+18
    8.37		3.4620e+18
    8.38		3.4507e+18
    8.39		3.4396e+18
    8.40		3.4285e+18
    8.41		3.4176e+18
    8.42		3.4068e+18
    8.43		3.3961e+18
    8.44		3.3855e+18
    8.45		3.3751e+18
    8.46		3.3648e+18
    8.47		3.3546e+18
    8.48		3.3445e+18
    8.49		3.3346e+18
    8.50		3.3248e+18
    8.51		3.3152e+18
    8.52		3.3057e+18
    8.53		3.2963e+18
    8.54		3.2870e+18
    8.55		3.2779e+18
    8.56		3.2690e+18
    8.57		3.2601e+18
    8.58		3.2514e+18
    8.59		3.2428e+18
    8.60		3.2344e+18
    8.61		3.2261e+18
    8.62		3.2179e+18
    8.63		3.2098e+18
    8.64		3.2019e+18
    8.65		3.1941e+18
    8.66		3.1865e+18
    8.67		3.1789e+18
    8.68		3.1715e+18
    8.69		3.1642e+18
    8.70		3.1571e+18
    8.71		3.1501e+18
    8.72		3.1431e+18
    8.73		3.1364e+18
    8.74		3.1297e+18
    8.75		3.1232e+18
    8.76		3.1168e+18
    8.77		3.1105e+18
    8.78		3.1043e+18
    8.79		3.0982e+18
    8.80		3.0923e+18
    8.81		3.0864e+18
    8.82		3.0807e+18
    8.83		3.0750e+18
    8.84		3.0695e+18
    8.85		3.0641e+18
    8.86		3.0587e+18
    8.87		3.0535e+18
    8.88		3.0483e+18
    8.89		3.0433e+18
    8.90		3.0383e+18
    8.91		3.0333e+18
    8.92		3.0285e+18
    8.93		3.0237e+18
    8.94		3.0190e+18
    8.95		3.0144e+18
    8.96		3.0098e+18
    8.97		3.0052e+18
    8.98		3.0007e+18
    8.99		2.9963e+18
    9.00		2.9919e+18
    9.01		2.9876e+18
    9.02		2.9832e+18
    9.03		2.9790e+18
    9.04		2.9747e+18
    9.05		2.9705e+18
    9.06		2.9663e+18
    9.07		2.9621e+18
    9.08		2.9580e+18
    9.09		2.9538e+18
    9.10		2.9497e+18
    9.11		2.9456e+18
    9.12		2.9414e+18
    9.13		2.9373e+18
    9.14		2.9332e+18
    9.15		2.9291e+18
    9.16		2.9250e+18
    9.17		2.9208e+18
    9.18		2.9167e+18
    9.19		2.9125e+18
    9.20		2.9084e+18
    9.21		2.9042e+18
    9.22		2.9000e+18
    9.23		2.8958e+18
    9.24		2.8915e+18
    9.25		2.8872e+18
    9.26		2.8829e+18
    9.27		2.8786e+18
    9.28		2.8743e+18
    9.29		2.8699e+18
    9.30		2.8655e+18
    9.31		2.8611e+18
    9.32		2.8567e+18
    9.33		2.8523e+18
    9.34		2.8478e+18
    9.35		2.8433e+18
    9.36		2.8388e+18
    9.37		2.8343e+18
    9.38		2.8298e+18
    9.39		2.8252e+18
    9.40		2.8207e+18
    9.41		2.8161e+18
    9.42		2.8115e+18
    9.43		2.8069e+18
    9.44		2.8023e+18
    9.45		2.7977e+18
    9.46		2.7931e+18
    9.47		2.7884e+18
    9.48		2.7838e+18
    9.49		2.7791e+18
    9.50		2.7745e+18
    9.51		2.7698e+18
    9.52		2.7652e+18
    9.53		2.7605e+18
    9.54		2.7558e+18
    9.55		2.7512e+18
    9.56		2.7465e+18
    9.57		2.7418e+18
    9.58		2.7372e+18
    9.59		2.7325e+18
    9.60		2.7278e+18
    9.61		2.7232e+18
    9.62		2.7185e+18
    9.63		2.7139e+18
    9.64		2.7093e+18
    9.65		2.7047e+18
    9.66		2.7001e+18
    9.67		2.6955e+18
    9.68		2.6910e+18
    9.69		2.6864e+18
    9.70		2.6819e+18
    9.71		2.6775e+18
    9.72		2.6730e+18
    9.73		2.6686e+18
    9.74		2.6642e+18
    9.75		2.6598e+18
    9.76		2.6555e+18
    9.77		2.6512e+18
    9.78		2.6470e+18
    9.79		2.6428e+18
    9.80		2.6386e+18
    9.81		2.6345e+18
    9.82		2.6304e+18
    9.83		2.6264e+18
    9.84		2.6225e+18
    9.85		2.6186e+18
    9.86		2.6148e+18
    9.87		2.6110e+18
    9.88		2.6073e+18
    9.89		2.6036e+18
    9.90		2.6000e+18
    9.91		2.5965e+18
    9.92		2.5931e+18
    9.93		2.5897e+18
    9.94		2.5863e+18
    9.95		2.5831e+18
    9.96		2.5799e+18
    9.97		2.5768e+18
    9.98		2.5737e+18
    9.99		2.5707e+18
   10.00		2.5678e+18
   10.01		2.5650e+18
   10.02		2.5622e+18
   10.03		2.5595e+18
   10.04		2.5568e+18
   10.05		2.5542e+18
   10.06		2.5517e+18
   10.07		2.5492e+18
   10.08		2.5468e+18
   10.09		2.5445e+18
   10.10		2.5422e+18
   10.11		2.5400e+18
   10.12		2.5378e+18
   10.13		2.5357e+18
   10.14		2.5337e+18
   10.15		2.5316e+18
   10.16		2.5297e+18
   10.17		2.5278e+18
   10.18		2.5259e+18
   10.19		2.5241e+18
   10.20		2.5223e+18
   10.21		2.5206e+18
   10.22		2.5189e+18
   10.23		2.5172e+18
   10.24		2.5156e+18
   10.25		2.5140e+18
   10.26		2.5124e+18
   10.27		2.5109e+18
   10.28		2.5094e+18
   10.29		2.5079e+18
   10.30		2.5064e+18
   10.31		2.5050e+18
   10.32		2.5036e+18
   10.33		2.5022e+18
   10.34		2.5008e+18
   10.35		2.4994e+18
   10.36		2.4980e+18
   10.37		2.4967e+18
   10.38		2.4953e+18
   10.39		2.4939e+18
   10.40		2.4926e+18
   10.41		2.4912e+18
   10.42		2.4898e+18
   10.43		2.4884e+18
   10.44		2.4871e+18
   10.45		2.4856e+18
   10.46		2.4842e+18
   10.47		2.4828e+18
   10.48		2.4813e+18
   10.49		2.4798e+18
   10.50		2.4783e+18
   10.51		2.4767e+18
   10.52		2.4751e+18
   10.53		2.4735e+18
   10.54		2.4719e+18
   10.55		2.4702e+18
   10.56		2.4684e+18
   10.57		2.4666e+18
   10.58		2.4648e+18
   10.59		2.4629e+18
   10.60		2.4610e+18
   10.61		2.4590e+18
   10.62		2.4569e+18
   10.63		2.4548e+18
   10.64		2.4526e+18
   10.65		2.4503e+18
   10.66		2.4479e+18
   10.67		2.4455e+18
   10.68		2.4430e+18
   10.69		2.4404e+18
   10.70		2.4378e+18
   10.71		2.4350e+18
   10.72		2.4322e+18
   10.73		2.4293e+18
   10.74		2.4262e+18
   10.75		2.4231e+18
   10.76		2.4199e+18
   10.77		2.4166e+18
   10.78		2.4132e+18
   10.79		2.4097e+18
   10.80		2.4061e+18
   10.81		2.4024e+18
   10.82		2.3986e+18
   10.83		2.3947e+18
   10.84		2.3907e+18
   10.85		2.3865e+18
   10.86		2.3823e+18
   10.87		2.3779e+18
   10.88		2.3735e+18
   10.89		2.3689e+18
   10.90		2.3642e+18
   10.91		2.3594e+18
   10.92		2.3544e+18
   10.93		2.3494e+18
   10.94		2.3443e+18
   10.95		2.3390e+18
   10.96		2.3336e+18
   10.97		2.3281e+18
   10.98		2.3225e+18
   10.99		2.3167e+18
   11.00		2.3109e+18
   11.01		2.3049e+18
   11.02		2.2988e+18
   11.03		2.2927e+18
   11.04		2.2864e+18
   11.05		2.2799e+18
   11.06		2.2734e+18
   11.07		2.2668e+18
   11.08		2.2601e+18
   11.09		2.2532e+18
   11.10		2.2463e+18
   11.11		2.2393e+18
   11.12		2.2321e+18
   11.13		2.2249e+18
   11.14		2.2176e+18
   11.15		2.2101e+18
   11.16		2.2026e+18
   11.17		2.1950e+18
   11.18		2.1873e+18
   11.19		2.1795e+18
   11.20		2.1717e+18
   11.21		2.1637e+18
   11.22		2.1557e+18
   11.23		2.1476e+18
   11.24		2.1395e+18
   11.25		2.1312e+18
   11.26		2.1229e+18
   11.27		2.1145e+18
   11.28		2.1061e+18
   11.29		2.0976e+18
   11.30		2.0890e+18
   11.31		2.0804e+18
   11.32		2.0717e+18
   11.33		2.0630e+18
   11.34		2.0542e+18
   11.35		2.0454e+18
   11.36		2.0365e+18
   11.37		2.0276e+18
   11.38		2.0186e+18
   11.39		2.0096e+18
   11.40		2.0006e+18
   11.41		1.9915e+18
   11.42		1.9824e+18
   11.43		1.9733e+18
   11.44		1.9642e+18
   11.45		1.9551e+18
   11.46		1.9459e+18
   11.47		1.9367e+18
   11.48		1.9276e+18
   11.49		1.9184e+18
   11.50		1.9092e+18
   11.51		1.9001e+18
   11.52		1.8909e+18
   11.53		1.8818e+18
   11.54		1.8726e+18
   11.55		1.8635e+18
   11.56		1.8544e+18
   11.57		1.8454e+18
   11.58		1.8363e+18
   11.59		1.8273e+18
   11.60		1.8184e+18
   11.61		1.8094e+18
   11.62		1.8006e+18
   11.63		1.7917e+18
   11.64		1.7829e+18
   11.65		1.7742e+18
   11.66		1.7656e+18
   11.67		1.7570e+18
   11.68		1.7484e+18
   11.69		1.7400e+18
   11.70		1.7316e+18
   11.71		1.7232e+18
   11.72		1.7150e+18
   11.73		1.7068e+18
   11.74		1.6987e+18
   11.75		1.6907e+18
   11.76		1.6828e+18
   11.77		1.6749e+18
   11.78		1.6672e+18
   11.79		1.6595e+18
   11.80		1.6520e+18
   11.81		1.6445e+18
   11.82		1.6371e+18
   11.83		1.6298e+18
   11.84		1.6227e+18
   11.85		1.6156e+18
   11.86		1.6086e+18
   11.87		1.6018e+18
   11.88		1.5950e+18
   11.89		1.5884e+18
   11.90		1.5819e+18
   11.91		1.5755e+18
   11.92		1.5692e+18
   11.93		1.5630e+18
   11.94		1.5569e+18
   11.95		1.5510e+18
   11.96		1.5452e+18
   11.97		1.5395e+18
   11.98		1.5339e+18
   11.99		1.5285e+18
   12.00		1.5231e+18
   12.01		1.5179e+18
   12.02		1.5128e+18
   12.03		1.5079e+18
   12.04		1.5031e+18
   12.05		1.4984e+18
   12.06		1.4938e+18
   12.07		1.4893e+18
   12.08		1.4850e+18
   12.09		1.4808e+18
   12.10		1.4767e+18
   12.11		1.4728e+18
   12.12		1.4690e+18
   12.13		1.4653e+18
   12.14		1.4617e+18
   12.15		1.4583e+18
   12.16		1.4550e+18
   12.17		1.4518e+18
   12.18		1.4488e+18
   12.19		1.4459e+18
   12.20		1.4431e+18
   12.21		1.4405e+18
   12.22		1.4380e+18
   12.23		1.4356e+18
   12.24		1.4334e+18
   12.25		1.4313e+18
   12.26		1.4293e+18
   12.27		1.4275e+18
   12.28		1.4258e+18
   12.29		1.4242e+18
   12.30		1.4227e+18
   12.31		1.4214e+18
   12.32		1.4202e+18
   12.33		1.4191e+18
   12.34		1.4181e+18
   12.35		1.4173e+18
   12.36		1.4166e+18
   12.37		1.4160e+18
   12.38		1.4154e+18
   12.39		1.4151e+18
   12.40		1.4148e+18
   12.41		1.4146e+18
   12.42		1.4145e+18
   12.43		1.4146e+18
   12.44		1.4147e+18
   12.45		1.4150e+18
   12.46		1.4153e+18
   12.47		1.4157e+18
   12.48		1.4163e+18
   12.49		1.4169e+18
   12.50		1.4176e+18
   12.51		1.4185e+18
   12.52		1.4194e+18
   12.53		1.4204e+18
   12.54		1.4215e+18
   12.55		1.4226e+18
   12.56		1.4239e+18
   12.57		1.4252e+18
   12.58		1.4266e+18
   12.59		1.4281e+18
   12.60		1.4297e+18
   12.61		1.4313e+18
   12.62		1.4330e+18
   12.63		1.4348e+18
   12.64		1.4366e+18
   12.65		1.4385e+18
   12.66		1.4405e+18
   12.67		1.4425e+18
   12.68		1.4446e+18
   12.69		1.4467e+18
   12.70		1.4489e+18
   12.71		1.4511e+18
   12.72		1.4534e+18
   12.73		1.4557e+18
   12.74		1.4581e+18
   12.75		1.4605e+18
   12.76		1.4630e+18
   12.77		1.4655e+18
   12.78		1.4680e+18
   12.79		1.4706e+18
   12.80		1.4732e+18
   12.81		1.4759e+18
   12.82		1.4785e+18
   12.83		1.4812e+18
   12.84		1.4839e+18
   12.85		1.4866e+18
   12.86		1.4893e+18
   12.87		1.4921e+18
   12.88		1.4948e+18
   12.89		1.4976e+18
   12.90		1.5003e+18
   12.91		1.5031e+18
   12.92		1.5058e+18
   12.93		1.5086e+18
   12.94		1.5113e+18
   12.95		1.5141e+18
   12.96		1.5168e+18
   12.97		1.5195e+18
   12.98		1.5221e+18
   12.99		1.5248e+18
   13.00		1.5274e+18
   13.01		1.5300e+18
   13.02		1.5326e+18
   13.03		1.5351e+18
   13.04		1.5376e+18
   13.05		1.5401e+18
   13.06		1.5425e+18
   13.07		1.5449e+18
   13.08		1.5472e+18
   13.09		1.5495e+18
   13.10		1.5517e+18
   13.11		1.5539e+18
   13.12		1.5561e+18
   13.13		1.5582e+18
   13.14		1.5602e+18
   13.15		1.5622e+18
   13.16		1.5641e+18
   13.17		1.5659e+18
   13.18		1.5677e+18
   13.19		1.5694e+18
   13.20		1.5711e+18
   13.21		1.5727e+18
   13.22		1.5742e+18
   13.23		1.5757e+18
   13.24		1.5770e+18
   13.25		1.5784e+18
   13.26		1.5796e+18
   13.27		1.5807e+18
   13.28		1.5818e+18
   13.29		1.5828e+18
   13.30		1.5837e+18
   13.31		1.5845e+18
   13.32		1.5852e+18
   13.33		1.5859e+18
   13.34		1.5864e+18
   13.35		1.5869e+18
   13.36		1.5873e+18
   13.37		1.5875e+18
   13.38		1.5877e+18
   13.39		1.5878e+18
   13.40		1.5878e+18
   13.41		1.5878e+18
   13.42		1.5876e+18
   13.43		1.5873e+18
   13.44		1.5869e+18
   13.45		1.5864e+18
   13.46		1.5859e+18
   13.47		1.5852e+18
   13.48		1.5844e+18
   13.49		1.5836e+18
   13.50		1.5826e+18
   13.51		1.5816e+18
   13.52		1.5804e+18
   13.53		1.5791e+18
   13.54		1.5778e+18
   13.55		1.5763e+18
   13.56		1.5748e+18
   13.57		1.5732e+18
   13.58		1.5714e+18
   13.59		1.5696e+18
   13.60		1.5677e+18
   13.61		1.5656e+18
   13.62		1.5635e+18
   13.63		1.5613e+18
   13.64		1.5591e+18
   13.65		1.5567e+18
   13.66		1.5542e+18
   13.67		1.5517e+18
   13.68		1.5490e+18
   13.69		1.5463e+18
   13.70		1.5435e+18
   13.71		1.5407e+18
   13.72		1.5377e+18
   13.73		1.5347e+18
   13.74		1.5316e+18
   13.75		1.5284e+18
   13.76		1.5252e+18
   13.77		1.5219e+18
   13.78		1.5185e+18
   13.79		1.5151e+18
   13.80		1.5116e+18
   13.81		1.5080e+18
   13.82		1.5044e+18
   13.83		1.5008e+18
   13.84		1.4970e+18
   13.85		1.4933e+18
   13.86		1.4895e+18
   13.87		1.4856e+18
   13.88		1.4817e+18
   13.89		1.4777e+18
   13.90		1.4737e+18
   13.91		1.4697e+18
   13.92		1.4656e+18
   13.93		1.4615e+18
   13.94		1.4574e+18
   13.95		1.4533e+18
   13.96		1.4491e+18
   13.97		1.4449e+18
   13.98		1.4407e+18
   13.99		1.4364e+18
   14.00		1.4322e+18
   14.01		1.4279e+18
   14.02		1.4237e+18
   14.03		1.4194e+18
   14.04		1.4151e+18
   14.05		1.4108e+18
   14.06		1.4065e+18
   14.07		1.4022e+18
   14.08		1.3979e+18
   14.09		1.3936e+18
   14.10		1.3893e+18
   14.11		1.3850e+18
   14.12		1.3808e+18
   14.13		1.3765e+18
   14.14		1.3722e+18
   14.15		1.3680e+18
   14.16		1.3637e+18
   14.17		1.3595e+18
   14.18		1.3553e+18
   14.19		1.3511e+18
   14.20		1.3469e+18
   14.21		1.3427e+18
   14.22		1.3385e+18
   14.23		1.3344e+18
   14.24		1.3303e+18
   14.25		1.3262e+18
   14.26		1.3221e+18
   14.27		1.3180e+18
   14.28		1.3140e+18
   14.29		1.3100e+18
   14.30		1.3060e+18
   14.31		1.3020e+18
   14.32		1.2981e+18
   14.33		1.2942e+18
   14.34		1.2903e+18
   14.35		1.2864e+18
   14.36		1.2826e+18
   14.37		1.2788e+18
   14.38		1.2751e+18
   14.39		1.2714e+18
   14.40		1.2677e+18
   14.41		1.2640e+18
   14.42		1.2604e+18
   14.43		1.2568e+18
   14.44		1.2532e+18
   14.45		1.2497e+18
   14.46		1.2462e+18
   14.47		1.2428e+18
   14.48		1.2394e+18
   14.49		1.2360e+18
   14.50		1.2327e+18
   14.51		1.2294e+18
   14.52		1.2261e+18
   14.53		1.2228e+18
   14.54		1.2197e+18
   14.55		1.2165e+18
   14.56		1.2134e+18
   14.57		1.2103e+18
   14.58		1.2072e+18
   14.59		1.2042e+18
   14.60		1.2013e+18
   14.61		1.1983e+18
   14.62		1.1954e+18
   14.63		1.1926e+18
   14.64		1.1897e+18
   14.65		1.1869e+18
   14.66		1.1841e+18
   14.67		1.1814e+18
   14.68		1.1787e+18
   14.69		1.1760e+18
   14.70		1.1734e+18
   14.71		1.1707e+18
   14.72		1.1681e+18
   14.73		1.1656e+18
   14.74		1.1630e+18
   14.75		1.1605e+18
   14.76		1.1580e+18
   14.77		1.1555e+18
   14.78		1.1531e+18
   14.79		1.1506e+18
   14.80		1.1482e+18
   14.81		1.1458e+18
   14.82		1.1434e+18
   14.83		1.1411e+18
   14.84		1.1387e+18
   14.85		1.1364e+18
   14.86		1.1341e+18
   14.87		1.1318e+18
   14.88		1.1296e+18
   14.89		1.1273e+18
   14.90		1.1251e+18
   14.91		1.1229e+18
   14.92		1.1207e+18
   14.93		1.1185e+18
   14.94		1.1164e+18
   14.95		1.1142e+18
   14.96		1.1121e+18
   14.97		1.1100e+18
   14.98		1.1079e+18
   14.99		1.1058e+18
   15.00		1.1037e+18
   15.01		1.1016e+18
   15.02		1.0996e+18
   15.03		1.0975e+18
   15.04		1.0955e+18
   15.05		1.0935e+18
   15.06		1.0914e+18
   15.07		1.0894e+18
   15.08		1.0874e+18
   15.09		1.0854e+18
   15.10		1.0834e+18
   15.11		1.0814e+18
   15.12		1.0794e+18
   15.13		1.0774e+18
   15.14		1.0754e+18
   15.15		1.0734e+18
   15.16		1.0713e+18
   15.17		1.0693e+18
   15.18		1.0673e+18
   15.19		1.0653e+18
   15.20		1.0633e+18
   15.21		1.0613e+18
   15.22		1.0593e+18
   15.23		1.0572e+18
   15.24		1.0552e+18
   15.25		1.0532e+18
   15.26		1.0511e+18
   15.27		1.0491e+18
   15.28		1.0470e+18
   15.29		1.0449e+18
   15.30		1.0429e+18
   15.31		1.0408e+18
   15.32		1.0387e+18
   15.33		1.0366e+18
   15.34		1.0344e+18
   15.35		1.0323e+18
   15.36		1.0302e+18
   15.37		1.0280e+18
   15.38		1.0258e+18
   15.39		1.0237e+18
   15.40		1.0215e+18
   15.41		1.0193e+18
   15.42		1.0171e+18
   15.43		1.0148e+18
   15.44		1.0126e+18
   15.45		1.0103e+18
   15.46		1.0081e+18
   15.47		1.0058e+18
   15.48		1.0036e+18
   15.49		1.0013e+18
   15.50		9.9897e+17
   15.51		9.9666e+17
   15.52		9.9435e+17
   15.53		9.9203e+17
   15.54		9.8970e+17
   15.55		9.8737e+17
   15.56		9.8503e+17
   15.57		9.8268e+17
   15.58		9.8033e+17
   15.59		9.7797e+17
   15.60		9.7561e+17
   15.61		9.7324e+17
   15.62		9.7087e+17
   15.63		9.6850e+17
   15.64		9.6613e+17
   15.65		9.6375e+17
   15.66		9.6137e+17
   15.67		9.5899e+17
   15.68		9.5661e+17
   15.69		9.5423e+17
   15.70		9.5184e+17
   15.71		9.4946e+17
   15.72		9.4708e+17
   15.73		9.4471e+17
   15.74		9.4233e+17
   15.75		9.3996e+17
   15.76		9.3759e+17
   15.77		9.3523e+17
   15.78		9.3287e+17
   15.79		9.3052e+17
   15.80		9.2818e+17
   15.81		9.2584e+17
   15.82		9.2351e+17
   15.83		9.2119e+17
   15.84		9.1888e+17
   15.85		9.1658e+17
   15.86		9.1429e+17
   15.87		9.1201e+17
   15.88		9.0974e+17
   15.89		9.0749e+17
   15.90		9.0525e+17
   15.91		9.0302e+17
   15.92		9.0080e+17
   15.93		8.9861e+17
   15.94		8.9642e+17
   15.95		8.9426e+17
   15.96		8.9211e+17
   15.97		8.8997e+17
   15.98		8.8786e+17
   15.99		8.8577e+17
   16.00		8.8370e+17
   16.01		8.8164e+17
   16.02		8.7961e+17
   16.03		8.7761e+17
   16.04		8.7563e+17
   16.05		8.7367e+17
   16.06		8.7175e+17
   16.07		8.6985e+17
   16.08		8.6798e+17
   16.09		8.6615e+17
   16.10		8.6435e+17
   16.11		8.6258e+17
   16.12		8.6084e+17
   16.13		8.5914e+17
   16.14		8.5748e+17
   16.15		8.5586e+17
   16.16		8.5427e+17
   16.17		8.5273e+17
   16.18		8.5123e+17
   16.19		8.4976e+17
   16.20		8.4835e+17
   16.21		8.4697e+17
   16.22		8.4564e+17
   16.23		8.4436e+17
   16.24		8.4312e+17
   16.25		8.4193e+17
   16.26		8.4079e+17
   16.27		8.3970e+17
   16.28		8.3866e+17
   16.29		8.3768e+17
   16.30		8.3674e+17
   16.31		8.3586e+17
   16.32		8.3503e+17
   16.33		8.3426e+17
   16.34		8.3354e+17
   16.35		8.3288e+17
   16.36		8.3227e+17
   16.37		8.3172e+17
   16.38		8.3122e+17
   16.39		8.3078e+17
   16.40		8.3040e+17
   16.41		8.3007e+17
   16.42		8.2981e+17
   16.43		8.2960e+17
   16.44		8.2945e+17
   16.45		8.2935e+17
   16.46		8.2932e+17
   16.47		8.2934e+17
   16.48		8.2943e+17
   16.49		8.2957e+17
   16.50		8.2977e+17
   16.51		8.3004e+17
   16.52		8.3036e+17
   16.53		8.3074e+17
   16.54		8.3119e+17
   16.55		8.3169e+17
   16.56		8.3226e+17
   16.57		8.3288e+17
   16.58		8.3357e+17
   16.59		8.3432e+17
   16.60		8.3512e+17
   16.61		8.3599e+17
   16.62		8.3692e+17
   16.63		8.3791e+17
   16.64		8.3896e+17
   16.65		8.4007e+17
   16.66		8.4125e+17
   16.67		8.4248e+17
   16.68		8.4377e+17
   16.69		8.4512e+17
   16.70		8.4653e+17
   16.71		8.4801e+17
   16.72		8.4954e+17
   16.73		8.5112e+17
   16.74		8.5277e+17
   16.75		8.5448e+17
   16.76		8.5624e+17
   16.77		8.5805e+17
   16.78		8.5993e+17
   16.79		8.6185e+17
   16.80		8.6383e+17
   16.81		8.6587e+17
   16.82		8.6795e+17
   16.83		8.7008e+17
   16.84		8.7226e+17
   16.85		8.7449e+17
   16.86		8.7677e+17
   16.87		8.7909e+17
   16.88		8.8146e+17
   16.89		8.8387e+17
   16.90		8.8632e+17
   16.91		8.8882e+17
   16.92		8.9135e+17
   16.93		8.9392e+17
   16.94		8.9653e+17
   16.95		8.9917e+17
   16.96		9.0186e+17
   16.97		9.0457e+17
   16.98		9.0732e+17
   16.99		9.1010e+17
   17.00		9.1292e+17
   17.01		9.1576e+17
   17.02		9.1863e+17
   17.03		9.2153e+17
   17.04		9.2446e+17
   17.05		9.2741e+17
   17.06		9.3038e+17
   17.07		9.3337e+17
   17.08		9.3639e+17
   17.09		9.3942e+17
   17.10		9.4248e+17
   17.11		9.4555e+17
   17.12		9.4863e+17
   17.13		9.5173e+17
   17.14		9.5485e+17
   17.15		9.5798e+17
   17.16		9.6112e+17
   17.17		9.6427e+17
   17.18		9.6742e+17
   17.19		9.7059e+17
   17.20		9.7377e+17
   17.21		9.7695e+17
   17.22		9.8013e+17
   17.23		9.8332e+17
   17.24		9.8651e+17
   17.25		9.8970e+17
   17.26		9.9289e+17
   17.27		9.9608e+17
   17.28		9.9927e+17
   17.29		1.0025e+18
   17.30		1.0056e+18
   17.31		1.0088e+18
   17.32		1.0120e+18
   17.33		1.0151e+18
   17.34		1.0183e+18
   17.35		1.0214e+18
   17.36		1.0245e+18
   17.37		1.0277e+18
   17.38		1.0308e+18
   17.39		1.0339e+18
   17.40		1.0369e+18
   17.41		1.0400e+18
   17.42		1.0430e+18
   17.43		1.0461e+18
   17.44		1.0491e+18
   17.45		1.0521e+18
   17.46		1.0551e+18
   17.47		1.0580e+18
   17.48		1.0610e+18
   17.49		1.0639e+18
   17.50		1.0668e+18
   17.51		1.0697e+18
   17.52		1.0726e+18
   17.53		1.0754e+18
   17.54		1.0782e+18
   17.55		1.0810e+18
   17.56		1.0838e+18
   17.57		1.0865e+18
   17.58		1.0893e+18
   17.59		1.0919e+18
   17.60		1.0946e+18
   17.61		1.0972e+18
   17.62		1.0998e+18
   17.63		1.1024e+18
   17.64		1.1050e+18
   17.65		1.1075e+18
   17.66		1.1100e+18
   17.67		1.1124e+18
   17.68		1.1148e+18
   17.69		1.1172e+18
   17.70		1.1195e+18
   17.71		1.1218e+18
   17.72		1.1241e+18
   17.73		1.1263e+18
   17.74		1.1285e+18
   17.75		1.1307e+18
   17.76		1.1328e+18
   17.77		1.1349e+18
   17.78		1.1369e+18
   17.79		1.1389e+18
   17.80		1.1408e+18
   17.81		1.1427e+18
   17.82		1.1445e+18
   17.83		1.1463e+18
   17.84		1.1481e+18
   17.85		1.1498e+18
   17.86		1.1514e+18
   17.87		1.1530e+18
   17.88		1.1546e+18
   17.89		1.1561e+18
   17.90		1.1575e+18
   17.91		1.1589e+18
   17.92		1.1602e+18
   17.93		1.1615e+18
   17.94		1.1628e+18
   17.95		1.1640e+18
   17.96		1.1651e+18
   17.97		1.1662e+18
   17.98		1.1672e+18
   17.99		1.1682e+18
   18.00		1.1691e+18
   18.01		1.1699e+18
   18.02		1.1707e+18
   18.03		1.1715e+18
   18.04		1.1722e+18
   18.05		1.1728e+18
   18.06		1.1734e+18
   18.07		1.1739e+18
   18.08		1.1744e+18
   18.09		1.1748e+18
   18.10		1.1752e+18
   18.11		1.1755e+18
   18.12		1.1758e+18
   18.13		1.1760e+18
   18.14		1.1761e+18
   18.15		1.1762e+18
   18.16		1.1762e+18
   18.17		1.1762e+18
   18.18		1.1761e+18
   18.19		1.1759e+18
   18.20		1.1757e+18
   18.21		1.1754e+18
   18.22		1.1751e+18
   18.23		1.1747e+18
   18.24		1.1742e+18
   18.25		1.1737e+18
   18.26		1.1731e+18
   18.27		1.1725e+18
   18.28		1.1718e+18
   18.29		1.1710e+18
   18.30		1.1702e+18
   18.31		1.1693e+18
   18.32		1.1683e+18
   18.33		1.1673e+18
   18.34		1.1663e+18
   18.35		1.1652e+18
   18.36		1.1640e+18
   18.37		1.1627e+18
   18.38		1.1614e+18
   18.39		1.1601e+18
   18.40		1.1587e+18
   18.41		1.1572e+18
   18.42		1.1557e+18
   18.43		1.1541e+18
   18.44		1.1525e+18
   18.45		1.1508e+18
   18.46		1.1490e+18
   18.47		1.1472e+18
   18.48		1.1454e+18
   18.49		1.1435e+18
   18.50		1.1415e+18
   18.51		1.1395e+18
   18.52		1.1374e+18
   18.53		1.1353e+18
   18.54		1.1331e+18
   18.55		1.1309e+18
   18.56		1.1287e+18
   18.57		1.1264e+18
   18.58		1.1240e+18
   18.59		1.1216e+18
   18.60		1.1191e+18
   18.61		1.1166e+18
   18.62		1.1141e+18
   18.63		1.1115e+18
   18.64		1.1088e+18
   18.65		1.1061e+18
   18.66		1.1034e+18
   18.67		1.1006e+18
   18.68		1.0977e+18
   18.69		1.0948e+18
   18.70		1.0919e+18
   18.71		1.0889e+18
   18.72		1.0859e+18
   18.73		1.0828e+18
   18.74		1.0796e+18
   18.75		1.0765e+18
   18.76		1.0733e+18
   18.77		1.0700e+18
   18.78		1.0667e+18
   18.79		1.0633e+18
   18.80		1.0599e+18
   18.81		1.0565e+18
   18.82		1.0530e+18
   18.83		1.0495e+18
   18.84		1.0459e+18
   18.85		1.0423e+18
   18.86		1.0386e+18
   18.87		1.0349e+18
   18.88		1.0312e+18
   18.89		1.0274e+18
   18.90		1.0236e+18
   18.91		1.0198e+18
   18.92		1.0159e+18
   18.93		1.0120e+18
   18.94		1.0081e+18
   18.95		1.0041e+18
   18.96		1.0001e+18
   18.97		9.9608e+17
   18.98		9.9201e+17
   18.99		9.8793e+17
   19.00		9.8381e+17
   19.01		9.7967e+17
   19.02		9.7550e+17
   19.03		9.7130e+17
   19.04		9.6708e+17
   19.05		9.6284e+17
   19.06		9.5856e+17
   19.07		9.5426e+17
   19.08		9.4994e+17
   19.09		9.4559e+17
   19.10		9.4122e+17
   19.11		9.3682e+17
   19.12		9.3240e+17
   19.13		9.2796e+17
   19.14		9.2350e+17
   19.15		9.1901e+17
   19.16		9.1450e+17
   19.17		9.0996e+17
   19.18		9.0541e+17
   19.19		9.0084e+17
   19.20		8.9624e+17
   19.21		8.9163e+17
   19.22		8.8700e+17
   19.23		8.8235e+17
   19.24		8.7768e+17
   19.25		8.7299e+17
   19.26		8.6828e+17
   19.27		8.6356e+17
   19.28		8.5882e+17
   19.29		8.5407e+17
   19.30		8.4930e+17
   19.31		8.4451e+17
   19.32		8.3971e+17
   19.33		8.3490e+17
   19.34		8.3008e+17
   19.35		8.2525e+17
   19.36		8.2040e+17
   19.37		8.1556e+17
   19.38		8.1070e+17
   19.39		8.0584e+17
   19.40		8.0097e+17
   19.41		7.9610e+17
   19.42		7.9124e+17
   19.43		7.8637e+17
   19.44		7.8150e+17
   19.45		7.7663e+17
   19.46		7.7177e+17
   19.47		7.6691e+17
   19.48		7.6205e+17
   19.49		7.5721e+17
   19.50		7.5237e+17
   19.51		7.4754e+17
   19.52		7.4273e+17
   19.53		7.3792e+17
   19.54		7.3313e+17
   19.55		7.2836e+17
   19.56		7.2360e+17
   19.57		7.1885e+17
   19.58		7.1413e+17
   19.59		7.0942e+17
   19.60		7.0474e+17
   19.61		7.0008e+17
   19.62		6.9543e+17
   19.63		6.9082e+17
   19.64		6.8622e+17
   19.65		6.8165e+17
   19.66		6.7711e+17
   19.67		6.7259e+17
   19.68		6.6810e+17
   19.69		6.6363e+17
   19.70		6.5919e+17
   19.71		6.5478e+17
   19.72		6.5040e+17
   19.73		6.4605e+17
   19.74		6.4173e+17
   19.75		6.3744e+17
   19.76		6.3318e+17
   19.77		6.2896e+17
   19.78		6.2477e+17
   19.79		6.2062e+17
   19.80		6.1651e+17
   19.81		6.1243e+17
   19.82		6.0840e+17
   19.83		6.0442e+17
   19.84		6.0047e+17
   19.85		5.9658e+17
   19.86		5.9273e+17
   19.87		5.8893e+17
   19.88		5.8518e+17
   19.89		5.8148e+17
   19.90		5.7783e+17
   19.91		5.7423e+17
   19.92		5.7070e+17
   19.93		5.6721e+17
   19.94		5.6379e+17
   19.95		5.6042e+17
   19.96		5.5711e+17
   19.97		5.5386e+17
   19.98		5.5068e+17
   19.99		5.4755e+17
   20.00		5.4448e+17
   20.01		5.4148e+17
   20.02		5.3854e+17
   20.03		5.3567e+17
   20.04		5.3286e+17
   20.05		5.3012e+17
   20.06		5.2744e+17
   20.07		5.2483e+17
   20.08		5.2229e+17
   20.09		5.1982e+17
   20.10		5.1742e+17
   20.11		5.1508e+17
   20.12		5.1282e+17
   20.13		5.1062e+17
   20.14		5.0849e+17
   20.15		5.0643e+17
   20.16		5.0443e+17
   20.17		5.0251e+17
   20.18		5.0065e+17
   20.19		4.9887e+17
   20.20		4.9715e+17
   20.21		4.9550e+17
   20.22		4.9392e+17
   20.23		4.9241e+17
   20.24		4.9097e+17
   20.25		4.8959e+17
   20.26		4.8828e+17
   20.27		4.8704e+17
   20.28		4.8587e+17
   20.29		4.8476e+17
   20.30		4.8372e+17
   20.31		4.8275e+17
   20.32		4.8184e+17
   20.33		4.8100e+17
   20.34		4.8022e+17
   20.35		4.7950e+17
   20.36		4.7885e+17
   20.37		4.7825e+17
   20.38		4.7772e+17
   20.39		4.7724e+17
   20.40		4.7682e+17
   20.41		4.7646e+17
   20.42		4.7615e+17
   20.43		4.7589e+17
   20.44		4.7568e+17
   20.45		4.7552e+17
   20.46		4.7542e+17
   20.47		4.7536e+17
   20.48		4.7534e+17
   20.49		4.7537e+17
   20.50		4.7544e+17
   20.51		4.7556e+17
   20.52		4.7571e+17
   20.53		4.7591e+17
   20.54		4.7613e+17
   20.55		4.7640e+17
   20.56		4.7670e+17
   20.57		4.7703e+17
   20.58		4.7739e+17
   20.59		4.7778e+17
   20.60		4.7819e+17
   20.61		4.7863e+17
   20.62		4.7910e+17
   20.63		4.7958e+17
   20.64		4.8009e+17
   20.65		4.8061e+17
   20.66		4.8115e+17
   20.67		4.8170e+17
   20.68		4.8226e+17
   20.69		4.8284e+17
   20.70		4.8342e+17
   20.71		4.8401e+17
   20.72		4.8461e+17
   20.73		4.8521e+17
   20.74		4.8582e+17
   20.75		4.8643e+17
   20.76		4.8704e+17
   20.77		4.8764e+17
   20.78		4.8825e+17
   20.79		4.8885e+17
   20.80		4.8944e+17
   20.81		4.9003e+17
   20.82		4.9061e+17
   20.83		4.9119e+17
   20.84		4.9175e+17
   20.85		4.9230e+17
   20.86		4.9284e+17
   20.87		4.9337e+17
   20.88		4.9388e+17
   20.89		4.9438e+17
   20.90		4.9486e+17
   20.91		4.9533e+17
   20.92		4.9578e+17
   20.93		4.9621e+17
   20.94		4.9662e+17
   20.95		4.9701e+17
   20.96		4.9738e+17
   20.97		4.9773e+17
   20.98		4.9805e+17
   20.99		4.9835e+17
   21.00		4.9862e+17
   21.01		4.9887e+17
   21.02		4.9909e+17
   21.03		4.9928e+17
   21.04		4.9944e+17
   21.05		4.9957e+17
   21.06		4.9967e+17
   21.07		4.9974e+17
   21.08		4.9978e+17
   21.09		4.9978e+17
   21.10		4.9975e+17
   21.11		4.9968e+17
   21.12		4.9958e+17
   21.13		4.9944e+17
   21.14		4.9927e+17
   21.15		4.9907e+17
   21.16		4.9883e+17
   21.17		4.9855e+17
   21.18		4.9824e+17
   21.19		4.9790e+17
   21.20		4.9752e+17
   21.21		4.9711e+17
   21.22		4.9667e+17
   21.23		4.9619e+17
   21.24		4.9567e+17
   21.25		4.9512e+17
   21.26		4.9454e+17
   21.27		4.9393e+17
   21.28		4.9328e+17
   21.29		4.9260e+17
   21.30		4.9189e+17
   21.31		4.9114e+17
   21.32		4.9036e+17
   21.33		4.8955e+17
   21.34		4.8870e+17
   21.35		4.8782e+17
   21.36		4.8691e+17
   21.37		4.8597e+17
   21.38		4.8500e+17
   21.39		4.8399e+17
   21.40		4.8296e+17
   21.41		4.8189e+17
   21.42		4.8080e+17
   21.43		4.7968e+17
   21.44		4.7852e+17
   21.45		4.7734e+17
   21.46		4.7613e+17
   21.47		4.7489e+17
   21.48		4.7362e+17
   21.49		4.7233e+17
   21.50		4.7101e+17
   21.51		4.6967e+17
   21.52		4.6830e+17
   21.53		4.6690e+17
   21.54		4.6549e+17
   21.55		4.6404e+17
   21.56		4.6258e+17
   21.57		4.6109e+17
   21.58		4.5958e+17
   21.59		4.5805e+17
   21.60		4.5649e+17
   21.61		4.5492e+17
   21.62		4.5333e+17
   21.63		4.5171e+17
   21.64		4.5008e+17
   21.65		4.4843e+17
   21.66		4.4676e+17
   21.67		4.4508e+17
   21.68		4.4338e+17
   21.69		4.4166e+17
   21.70		4.3993e+17
   21.71		4.3818e+17
   21.72		4.3642e+17
   21.73		4.3465e+17
   21.74		4.3286e+17
   21.75		4.3107e+17
   21.76		4.2926e+17
   21.77		4.2744e+17
   21.78		4.2561e+17
   21.79		4.2377e+17
   21.80		4.2193e+17
   21.81		4.2007e+17
   21.82		4.1822e+17
   21.83		4.1635e+17
   21.84		4.1448e+17
   21.85		4.1261e+17
   21.86		4.1073e+17
   21.87		4.0885e+17
   21.88		4.0696e+17
   21.89		4.0507e+17
   21.90		4.0318e+17
   21.91		4.0128e+17
   21.92		3.9938e+17
   21.93		3.9748e+17
   21.94		3.9558e+17
   21.95		3.9368e+17
   21.96		3.9177e+17
   21.97		3.8986e+17
   21.98		3.8796e+17
   21.99		3.8605e+17
   22.00		3.8414e+17
   22.01		3.8224e+17
   22.02		3.8033e+17
   22.03		3.7843e+17
   22.04		3.7652e+17
   22.05		3.7462e+17
   22.06		3.7272e+17
   22.07		3.7083e+17
   22.08		3.6894e+17
   22.09		3.6705e+17
   22.10		3.6516e+17
   22.11		3.6328e+17
   22.12		3.6141e+17
   22.13		3.5953e+17
   22.14		3.5767e+17
   22.15		3.5581e+17
   22.16		3.5395e+17
   22.17		3.5211e+17
   22.18		3.5026e+17
   22.19		3.4843e+17
   22.20		3.4660e+17
   22.21		3.4478e+17
   22.22		3.4296e+17
   22.23		3.4115e+17
   22.24		3.3935e+17
   22.25		3.3756e+17
   22.26		3.3578e+17
   22.27		3.3400e+17
   22.28		3.3224e+17
   22.29		3.3048e+17
   22.30		3.2873e+17
   22.31		3.2699e+17
   22.32		3.2526e+17
   22.33		3.2354e+17
   22.34		3.2183e+17
   22.35		3.2013e+17
   22.36		3.1843e+17
   22.37		3.1676e+17
   22.38		3.1509e+17
   22.39		3.1343e+17
   22.40		3.1178e+17
   22.41		3.1015e+17
   22.42		3.0852e+17
   22.43		3.0691e+17
   22.44		3.0531e+17
   22.45		3.0373e+17
   22.46		3.0215e+17
   22.47		3.0059e+17
   22.48		2.9904e+17
   22.49		2.9751e+17
   22.50		2.9598e+17
   22.51		2.9447e+17
   22.52		2.9297e+17
   22.53		2.9149e+17
   22.54		2.9002e+17
   22.55		2.8856e+17
   22.56		2.8712e+17
   22.57		2.8568e+17
   22.58		2.8426e+17
   22.59		2.8286e+17
   22.60		2.8146e+17
   22.61		2.8009e+17
   22.62		2.7872e+17
   22.63		2.7737e+17
   22.64		2.7604e+17
   22.65		2.7472e+17
   22.66		2.7341e+17
   22.67		2.7212e+17
   22.68		2.7085e+17
   22.69		2.6960e+17
   22.70		2.6836e+17
   22.71		2.6715e+17
   22.72		2.6594e+17
   22.73		2.6476e+17
   22.74		2.6360e+17
   22.75		2.6246e+17
   22.76		2.6133e+17
   22.77		2.6023e+17
   22.78		2.5914e+17
   22.79		2.5807e+17
   22.80		2.5703e+17
   22.81		2.5600e+17
   22.82		2.5500e+17
   22.83		2.5401e+17
   22.84		2.5305e+17
   22.85		2.5211e+17
   22.86		2.5118e+17
   22.87		2.5028e+17
   22.88		2.4940e+17
   22.89		2.4853e+17
   22.90		2.4769e+17
   22.91		2.4687e+17
   22.92		2.4608e+17
   22.93		2.4530e+17
   22.94		2.4454e+17
   22.95		2.4381e+17
   22.96		2.4309e+17
   22.97		2.4240e+17
   22.98		2.4173e+17
   22.99		2.4108e+17
   23.00		2.4045e+17
   23.01		2.3984e+17
   23.02		2.3926e+17
   23.03		2.3869e+17
   23.04		2.3814e+17
   23.05		2.3762e+17
   23.06		2.3711e+17
   23.07		2.3662e+17
   23.08		2.3615e+17
   23.09		2.3570e+17
   23.10		2.3527e+17
   23.11		2.3486e+17
   23.12		2.3447e+17
   23.13		2.3409e+17
   23.14		2.3374e+17
   23.15		2.3339e+17
   23.16		2.3307e+17
   23.17		2.3276e+17
   23.18		2.3247e+17
   23.19		2.3219e+17
   23.20		2.3192e+17
   23.21		2.3167e+17
   23.22		2.3143e+17
   23.23		2.3121e+17
   23.24		2.3100e+17
   23.25		2.3080e+17
   23.26		2.3061e+17
   23.27		2.3043e+17
   23.28		2.3027e+17
   23.29		2.3011e+17
   23.30		2.2996e+17
   23.31		2.2983e+17
   23.32		2.2970e+17
   23.33		2.2959e+17
   23.34		2.2948e+17
   23.35		2.2938e+17
   23.36		2.2929e+17
   23.37		2.2921e+17
   23.38		2.2914e+17
   23.39		2.2907e+17
   23.40		2.2901e+17
   23.41		2.2896e+17
   23.42		2.2891e+17
   23.43		2.2887e+17
   23.44		2.2884e+17
   23.45		2.2881e+17
   23.46		2.2878e+17
   23.47		2.2876e+17
   23.48		2.2875e+17
   23.49		2.2873e+17
   23.50		2.2873e+17
   23.51		2.2872e+17
   23.52		2.2872e+17
   23.53		2.2872e+17
   23.54		2.2872e+17
   23.55		2.2873e+17
   23.56		2.2873e+17
   23.57		2.2874e+17
   23.58		2.2875e+17
   23.59		2.2876e+17
   23.60		2.2877e+17
   23.61		2.2879e+17
   23.62		2.2880e+17
   23.63		2.2882e+17
   23.64		2.2883e+17
   23.65		2.2885e+17
   23.66		2.2887e+17
   23.67		2.2889e+17
   23.68		2.2891e+17
   23.69		2.2892e+17
   23.70		2.2894e+17
   23.71		2.2896e+17
   23.72		2.2898e+17
   23.73		2.2900e+17
   23.74		2.2901e+17
   23.75		2.2903e+17
   23.76		2.2905e+17
   23.77		2.2907e+17
   23.78		2.2909e+17
   23.79		2.2910e+17
   23.80		2.2912e+17
   23.81		2.2914e+17
   23.82		2.2916e+17
   23.83		2.2918e+17
   23.84		2.2919e+17
   23.85		2.2921e+17
   23.86		2.2923e+17
   23.87		2.2925e+17
   23.88		2.2927e+17
   23.89		2.2930e+17
   23.90		2.2932e+17
   23.91		2.2935e+17
   23.92		2.2937e+17
   23.93		2.2940e+17
   23.94		2.2943e+17
   23.95		2.2947e+17
   23.96		2.2950e+17
   23.97		2.2954e+17
   23.98		2.2958e+17
   23.99		2.2963e+17
   24.00		2.2968e+17
   24.01		2.2973e+17
   24.02		2.2978e+17
   24.03		2.2984e+17
   24.04		2.2991e+17
   24.05		2.2998e+17
   24.06		2.3005e+17
   24.07		2.3013e+17
   24.08		2.3022e+17
   24.09		2.3031e+17
   24.10		2.3041e+17
   24.11		2.3051e+17
   24.12		2.3062e+17
   24.13		2.3074e+17
   24.14		2.3086e+17
   24.15		2.3099e+17
   24.16		2.3113e+17
   24.17		2.3127e+17
   24.18		2.3143e+17
   24.19		2.3159e+17
   24.20		2.3176e+17
   24.21		2.3194e+17
   24.22		2.3213e+17
   24.23		2.3233e+17
   24.24		2.3253e+17
   24.25		2.3275e+17
   24.26		2.3298e+17
   24.27		2.3321e+17
   24.28		2.3346e+17
   24.29		2.3371e+17
   24.30		2.3398e+17
   24.31		2.3426e+17
   24.32		2.3455e+17
   24.33		2.3485e+17
   24.34		2.3516e+17
   24.35		2.3548e+17
   24.36		2.3581e+17
   24.37		2.3616e+17
   24.38		2.3651e+17
   24.39		2.3688e+17
   24.40		2.3725e+17
   24.41		2.3764e+17
   24.42		2.3804e+17
   24.43		2.3845e+17
   24.44		2.3887e+17
   24.45		2.3931e+17
   24.46		2.3975e+17
   24.47		2.4021e+17
   24.48		2.4068e+17
   24.49		2.4116e+17
   24.50		2.4165e+17
   24.51		2.4215e+17
   24.52		2.4267e+17
   24.53		2.4319e+17
   24.54		2.4373e+17
   24.55		2.4428e+17
   24.56		2.4484e+17
   24.57		2.4542e+17
   24.58		2.4600e+17
   24.59		2.4660e+17
   24.60		2.4720e+17
   24.61		2.4782e+17
   24.62		2.4845e+17
   24.63		2.4910e+17
   24.64		2.4975e+17
   24.65		2.5042e+17
   24.66		2.5109e+17
   24.67		2.5178e+17
   24.68		2.5248e+17
   24.69		2.5319e+17
   24.70		2.5392e+17
   24.71		2.5465e+17
   24.72		2.5540e+17
   24.73		2.5615e+17
   24.74		2.5692e+17
   24.75		2.5770e+17
   24.76		2.5849e+17
   24.77		2.5929e+17
   24.78		2.6010e+17
   24.79		2.6092e+17
   24.80		2.6175e+17
   24.81		2.6259e+17
   24.82		2.6344e+17
   24.83		2.6430e+17
   24.84		2.6518e+17
   24.85		2.6606e+17
   24.86		2.6695e+17
   24.87		2.6785e+17
   24.88		2.6876e+17
   24.89		2.6968e+17
   24.90		2.7061e+17
   24.91		2.7156e+17
   24.92		2.7252e+17
   24.93		2.7349e+17
   24.94		2.7447e+17
   24.95		2.7547e+17
   24.96		2.7649e+17
   24.97		2.7753e+17
   24.98		2.7858e+17
   24.99		2.7964e+17
   25.00		2.8073e+17
   25.01		2.8183e+17
   25.02		2.8295e+17
   25.03		2.8409e+17
   25.04		2.8525e+17
   25.05		2.8643e+17
   25.06		2.8763e+17
   25.07		2.8885e+17
   25.08		2.9009e+17
   25.09		2.9136e+17
   25.10		2.9264e+17
   25.11		2.9395e+17
   25.12		2.9529e+17
   25.13		2.9665e+17
   25.14		2.9803e+17
   25.15		2.9944e+17
   25.16		3.0087e+17
   25.17		3.0233e+17
   25.18		3.0381e+17
   25.19		3.0533e+17
   25.20		3.0687e+17
   25.21		3.0843e+17
   25.22		3.1003e+17
   25.23		3.1165e+17
   25.24		3.1331e+17
   25.25		3.1499e+17
   25.26		3.1670e+17
   25.27		3.1845e+17
   25.28		3.2022e+17
   25.29		3.2202e+17
   25.30		3.2386e+17
   25.31		3.2573e+17
   25.32		3.2763e+17
   25.33		3.2956e+17
   25.34		3.3152e+17
   25.35		3.3352e+17
   25.36		3.3555e+17
   25.37		3.3761e+17
   25.38		3.3971e+17
   25.39		3.4184e+17
   25.40		3.4400e+17
   25.41		3.4620e+17
   25.42		3.4844e+17
   25.43		3.5070e+17
   25.44		3.5301e+17
   25.45		3.5534e+17
   25.46		3.5772e+17
   25.47		3.6013e+17
   25.48		3.6257e+17
   25.49		3.6505e+17
   25.50		3.6756e+17
   25.51		3.7011e+17
   25.52		3.7270e+17
   25.53		3.7532e+17
   25.54		3.7798e+17
   25.55		3.8067e+17
   25.56		3.8340e+17
   25.57		3.8616e+17
   25.58		3.8896e+17
   25.59		3.9180e+17
   25.60		3.9467e+17
   25.61		3.9758e+17
   25.62		4.0052e+17
   25.63		4.0350e+17
   25.64		4.0651e+17
   25.65		4.0955e+17
   25.66		4.1262e+17
   25.67		4.1573e+17
   25.68		4.1886e+17
   25.69		4.2202e+17
   25.70		4.2521e+17
   25.71		4.2843e+17
   25.72		4.3167e+17
   25.73		4.3494e+17
   25.74		4.3823e+17
   25.75		4.4155e+17
   25.76		4.4488e+17
   25.77		4.4824e+17
   25.78		4.5162e+17
   25.79		4.5501e+17
   25.80		4.5843e+17
   25.81		4.6186e+17
   25.82		4.6531e+17
   25.83		4.6878e+17
   25.84		4.7226e+17
   25.85		4.7575e+17
   25.86		4.7926e+17
   25.87		4.8278e+17
   25.88		4.8631e+17
   25.89		4.8985e+17
   25.90		4.9340e+17
   25.91		4.9695e+17
   25.92		5.0052e+17
   25.93		5.0409e+17
   25.94		5.0766e+17
   25.95		5.1124e+17
   25.96		5.1482e+17
   25.97		5.1840e+17
   25.98		5.2199e+17
   25.99		5.2557e+17
   26.00		5.2915e+17
   26.01		5.3273e+17
   26.02		5.3631e+17
   26.03		5.3988e+17
   26.04		5.4345e+17
   26.05		5.4701e+17
   26.06		5.5056e+17
   26.07		5.5411e+17
   26.08		5.5764e+17
   26.09		5.6117e+17
   26.10		5.6468e+17
   26.11		5.6818e+17
   26.12		5.7167e+17
   26.13		5.7514e+17
   26.14		5.7860e+17
   26.15		5.8204e+17
   26.16		5.8547e+17
   26.17		5.8887e+17
   26.18		5.9226e+17
   26.19		5.9563e+17
   26.20		5.9898e+17
   26.21		6.0230e+17
   26.22		6.0560e+17
   26.23		6.0888e+17
   26.24		6.1214e+17
   26.25		6.1536e+17
   26.26		6.1857e+17
   26.27		6.2174e+17
   26.28		6.2489e+17
   26.29		6.2801e+17
   26.30		6.3110e+17
   26.31		6.3416e+17
   26.32		6.3719e+17
   26.33		6.4018e+17
   26.34		6.4315e+17
   26.35		6.4608e+17
   26.36		6.4897e+17
   26.37		6.5183e+17
   26.38		6.5466e+17
   26.39		6.5745e+17
   26.40		6.6020e+17
   26.41		6.6292e+17
   26.42		6.6559e+17
   26.43		6.6823e+17
   26.44		6.7083e+17
   26.45		6.7339e+17
   26.46		6.7590e+17
   26.47		6.7838e+17
   26.48		6.8081e+17
   26.49		6.8320e+17
   26.50		6.8555e+17
   26.51		6.8785e+17
   26.52		6.9011e+17
   26.53		6.9232e+17
   26.54		6.9448e+17
   26.55		6.9660e+17
   26.56		6.9867e+17
   26.57		7.0069e+17
   26.58		7.0266e+17
   26.59		7.0459e+17
   26.60		7.0646e+17
   26.61		7.0828e+17
   26.62		7.1006e+17
   26.63		7.1178e+17
   26.64		7.1345e+17
   26.65		7.1506e+17
   26.66		7.1663e+17
   26.67		7.1814e+17
   26.68		7.1959e+17
   26.69		7.2100e+17
   26.70		7.2235e+17
   26.71		7.2364e+17
   26.72		7.2488e+17
   26.73		7.2607e+17
   26.74		7.2720e+17
   26.75		7.2827e+17
   26.76		7.2929e+17
   26.77		7.3025e+17
   26.78		7.3116e+17
   26.79		7.3201e+17
   26.80		7.3280e+17
   26.81		7.3354e+17
   26.82		7.3422e+17
   26.83		7.3485e+17
   26.84		7.3542e+17
   26.85		7.3593e+17
   26.86		7.3639e+17
   26.87		7.3679e+17
   26.88		7.3713e+17
   26.89		7.3742e+17
   26.90		7.3765e+17
   26.91		7.3782e+17
   26.92		7.3794e+17
   26.93		7.3801e+17
   26.94		7.3802e+17
   26.95		7.3797e+17
   26.96		7.3787e+17
   26.97		7.3771e+17
   26.98		7.3750e+17
   26.99		7.3724e+17
   27.00		7.3692e+17
   27.01		7.3654e+17
   27.02		7.3612e+17
   27.03		7.3564e+17
   27.04		7.3510e+17
   27.05		7.3452e+17
   27.06		7.3387e+17
   27.07		7.3318e+17
   27.08		7.3244e+17
   27.09		7.3164e+17
   27.10		7.3079e+17
   27.11		7.2988e+17
   27.12		7.2893e+17
   27.13		7.2793e+17
   27.14		7.2687e+17
   27.15		7.2577e+17
   27.16		7.2461e+17
   27.17		7.2341e+17
   27.18		7.2215e+17
   27.19		7.2085e+17
   27.20		7.1950e+17
   27.21		7.1810e+17
   27.22		7.1665e+17
   27.23		7.1516e+17
   27.24		7.1362e+17
   27.25		7.1204e+17
   27.26		7.1042e+17
   27.27		7.0875e+17
   27.28		7.0703e+17
   27.29		7.0528e+17
   27.30		7.0348e+17
   27.31		7.0165e+17
   27.32		6.9978e+17
   27.33		6.9786e+17
   27.34		6.9591e+17
   27.35		6.9393e+17
   27.36		6.9191e+17
   27.37		6.8985e+17
   27.38		6.8776e+17
   27.39		6.8564e+17
   27.40		6.8348e+17
   27.41		6.8130e+17
   27.42		6.7908e+17
   27.43		6.7684e+17
   27.44		6.7456e+17
   27.45		6.7226e+17
   27.46		6.6994e+17
   27.47		6.6759e+17
   27.48		6.6521e+17
   27.49		6.6282e+17
   27.50		6.6040e+17
   27.51		6.5796e+17
   27.52		6.5550e+17
   27.53		6.5302e+17
   27.54		6.5052e+17
   27.55		6.4801e+17
   27.56		6.4547e+17
   27.57		6.4293e+17
   27.58		6.4037e+17
   27.59		6.3780e+17
   27.60		6.3522e+17
   27.61		6.3262e+17
   27.62		6.3002e+17
   27.63		6.2741e+17
   27.64		6.2479e+17
   27.65		6.2216e+17
   27.66		6.1953e+17
   27.67		6.1689e+17
   27.68		6.1425e+17
   27.69		6.1161e+17
   27.70		6.0897e+17
   27.71		6.0632e+17
   27.72		6.0368e+17
   27.73		6.0104e+17
   27.74		5.9840e+17
   27.75		5.9577e+17
   27.76		5.9314e+17
   27.77		5.9052e+17
   27.78		5.8790e+17
   27.79		5.8529e+17
   27.80		5.8269e+17
   27.81		5.8011e+17
   27.82		5.7753e+17
   27.83		5.7497e+17
   27.84		5.7242e+17
   27.85		5.6988e+17
   27.86		5.6736e+17
   27.87		5.6486e+17
   27.88		5.6237e+17
   27.89		5.5990e+17
   27.90		5.5745e+17
   27.91		5.5501e+17
   27.92		5.5259e+17
   27.93		5.5018e+17
   27.94		5.4779e+17
   27.95		5.4542e+17
   27.96		5.4306e+17
   27.97		5.4071e+17
   27.98		5.3838e+17
   27.99		5.3607e+17
   28.00		5.3377e+17
   28.01		5.3148e+17
   28.02		5.2921e+17
   28.03		5.2695e+17
   28.04		5.2471e+17
   28.05		5.2248e+17
   28.06		5.2026e+17
   28.07		5.1805e+17
   28.08		5.1586e+17
   28.09		5.1368e+17
   28.10		5.1150e+17
   28.11		5.0934e+17
   28.12		5.0719e+17
   28.13		5.0505e+17
   28.14		5.0291e+17
   28.15		5.0079e+17
   28.16		4.9867e+17
   28.17		4.9655e+17
   28.18		4.9445e+17
   28.19		4.9235e+17
   28.20		4.9025e+17
   28.21		4.8816e+17
   28.22		4.8607e+17
   28.23		4.8399e+17
   28.24		4.8190e+17
   28.25		4.7982e+17
   28.26		4.7774e+17
   28.27		4.7566e+17
   28.28		4.7358e+17
   28.29		4.7150e+17
   28.30		4.6942e+17
   28.31		4.6733e+17
   28.32		4.6524e+17
   28.33		4.6315e+17
   28.34		4.6105e+17
   28.35		4.5894e+17
   28.36		4.5683e+17
   28.37		4.5472e+17
   28.38		4.5259e+17
   28.39		4.5046e+17
   28.40		4.4832e+17
   28.41		4.4617e+17
   28.42		4.4400e+17
   28.43		4.4183e+17
   28.44		4.3965e+17
   28.45		4.3745e+17
   28.46		4.3524e+17
   28.47		4.3302e+17
   28.48		4.3078e+17
   28.49		4.2853e+17
   28.50		4.2626e+17
   28.51		4.2397e+17
   28.52		4.2167e+17
   28.53		4.1935e+17
   28.54		4.1700e+17
   28.55		4.1464e+17
   28.56		4.1226e+17
   28.57		4.0986e+17
   28.58		4.0743e+17
   28.59		4.0498e+17
   28.60		4.0251e+17
   28.61		4.0001e+17
   28.62		3.9748e+17
   28.63		3.9493e+17
   28.64		3.9235e+17
   28.65		3.8975e+17
   28.66		3.8712e+17
   28.67		3.8447e+17
   28.68		3.8179e+17
   28.69		3.7909e+17
   28.70		3.7637e+17
   28.71		3.7362e+17
   28.72		3.7085e+17
   28.73		3.6806e+17
   28.74		3.6524e+17
   28.75		3.6240e+17
   28.76		3.5954e+17
   28.77		3.5666e+17
   28.78		3.5376e+17
   28.79		3.5084e+17
   28.80		3.4789e+17
   28.81		3.4493e+17
   28.82		3.4194e+17
   28.83		3.3894e+17
   28.84		3.3592e+17
   28.85		3.3289e+17
   28.86		3.2983e+17
   28.87		3.2676e+17
   28.88		3.2368e+17
   28.89		3.2058e+17
   28.90		3.1747e+17
   28.91		3.1434e+17
   28.92		3.1120e+17
   28.93		3.0805e+17
   28.94		3.0488e+17
   28.95		3.0171e+17
   28.96		2.9853e+17
   28.97		2.9533e+17
   28.98		2.9213e+17
   28.99		2.8892e+17
   29.00		2.8571e+17
   29.01		2.8249e+17
   29.02		2.7926e+17
   29.03		2.7603e+17
   29.04		2.7280e+17
   29.05		2.6956e+17
   29.06		2.6632e+17
   29.07		2.6308e+17
   29.08		2.5984e+17
   29.09		2.5660e+17
   29.10		2.5335e+17
   29.11		2.5012e+17
   29.12		2.4688e+17
   29.13		2.4365e+17
   29.14		2.4042e+17
   29.15		2.3720e+17
   29.16		2.3398e+17
   29.17		2.3077e+17
   29.18		2.2756e+17
   29.19		2.2436e+17
   29.20		2.2118e+17
   29.21		2.1800e+17
   29.22		2.1483e+17
   29.23		2.1167e+17
   29.24		2.0853e+17
   29.25		2.0539e+17
   29.26		2.0227e+17
   29.27		1.9917e+17
   29.28		1.9608e+17
   29.29		1.9300e+17
   29.30		1.8994e+17
   29.31		1.8690e+17
   29.32		1.8388e+17
   29.33		1.8088e+17
   29.34		1.7790e+17
   29.35		1.7493e+17
   29.36		1.7199e+17
   29.37		1.6908e+17
   29.38		1.6618e+17
   29.39		1.6331e+17
   29.40		1.6047e+17
   29.41		1.5765e+17
   29.42		1.5486e+17
   29.43		1.5209e+17
   29.44		1.4935e+17
   29.45		1.4664e+17
   29.46		1.4395e+17
   29.47		1.4130e+17
   29.48		1.3867e+17
   29.49		1.3607e+17
   29.50		1.3350e+17
   29.51		1.3097e+17
   29.52		1.2846e+17
   29.53		1.2599e+17
   29.54		1.2354e+17
   29.55		1.2113e+17
   29.56		1.1875e+17
   29.57		1.1641e+17
   29.58		1.1409e+17
   29.59		1.1181e+17
   29.60		1.0956e+17
   29.61		1.0735e+17
   29.62		1.0517e+17
   29.63		1.0302e+17
   29.64		1.0090e+17
   29.65		9.8818e+16
   29.66		9.6768e+16
   29.67		9.4750e+16
   29.68		9.2766e+16
   29.69		9.0814e+16
   29.70		8.8895e+16
   29.71		8.7008e+16
   29.72		8.5153e+16
   29.73		8.3331e+16
   29.74		8.1540e+16
   29.75		7.9781e+16
   29.76		7.8053e+16
   29.77		7.6357e+16
   29.78		7.4692e+16
   29.79		7.3057e+16
   29.80		7.1453e+16
   29.81		6.9879e+16
   29.82		6.8334e+16
   29.83		6.6820e+16
   29.84		6.5335e+16
   29.85		6.3878e+16
   29.86		6.2451e+16
   29.87		6.1051e+16
   29.88		5.9680e+16
   29.89		5.8336e+16
   29.90		5.7019e+16
   29.91		5.5729e+16
   29.92		5.4465e+16
   29.93		5.3227e+16
   29.94		5.2015e+16
   29.95		5.0828e+16
   29.96		4.9666e+16
   29.97		4.8528e+16
   29.98		4.7413e+16
   29.99		4.6323e+16
   30.00		4.5255e+16
   30.01		4.4210e+16
   30.02		4.3188e+16
   30.03		4.2188e+16
   30.04		4.1210e+16
   30.05		4.0253e+16
   30.06		3.9318e+16
   30.07		3.8403e+16
   30.08		3.7509e+16
   30.09		3.6634e+16
   30.10		3.5779e+16
   30.11		3.4942e+16
   30.12		3.4124e+16
   30.13		3.3322e+16
   30.14		3.2538e+16
   30.15		3.1771e+16
   30.16		3.1020e+16
   30.17		3.0285e+16
   30.18		2.9566e+16
   30.19		2.8862e+16
   30.20		2.8173e+16
   30.21		2.7499e+16
   30.22		2.6839e+16
   30.23		2.6193e+16
   30.24		2.5560e+16
   30.25		2.4941e+16
   30.26		2.4334e+16
   30.27		2.3739e+16
   30.28		2.3156e+16
   30.29		2.2585e+16
   30.30		2.2024e+16
   30.31		2.1475e+16
   30.32		2.0936e+16
   30.33		2.0408e+16
   30.34		1.9890e+16
   30.35		1.9382e+16
   30.36		1.8884e+16
   30.37		1.8396e+16
   30.38		1.7917e+16
   30.39		1.7448e+16
   30.40		1.6988e+16
   30.41		1.6537e+16
   30.42		1.6095e+16
   30.43		1.5662e+16
   30.44		1.5237e+16
   30.45		1.4822e+16
   30.46		1.4415e+16
   30.47		1.4017e+16
   30.48		1.3627e+16
   30.49		1.3246e+16
   30.50		1.2874e+16
   30.51		1.2510e+16
   30.52		1.2154e+16
   30.53		1.1806e+16
   30.54		1.1466e+16
   30.55		1.1134e+16
   30.56		1.0810e+16
   30.57		1.0494e+16
   30.58		1.0185e+16
   30.59		9.8844e+15
   30.60		9.5908e+15
   30.61		9.3046e+15
   30.62		9.0256e+15
   30.63		8.7536e+15
   30.64		8.4887e+15
   30.65		8.2305e+15
   30.66		7.9791e+15
   30.67		7.7343e+15
   30.68		7.4959e+15
   30.69		7.2639e+15
   30.70		7.0380e+15
   30.71		6.8182e+15
   30.72		6.6043e+15
   30.73		6.3961e+15
   30.74		6.1935e+15
   30.75		5.9962e+15
   30.76		5.8041e+15
   30.77		5.6169e+15
   30.78		5.4344e+15
   30.79		5.2564e+15
   30.80		5.0827e+15
   30.81		4.9129e+15
   30.82		4.7470e+15
   30.83		4.5847e+15
   30.84		4.4260e+15
   30.85		4.2709e+15
   30.86		4.1194e+15
   30.87		3.9713e+15
   30.88		3.8268e+15
   30.89		3.6857e+15
   30.90		3.5481e+15
   30.91		3.4140e+15
   30.92		3.2833e+15
   30.93		3.1560e+15
   30.94		3.0320e+15
   30.95		2.9114e+15
   30.96		2.7942e+15
   30.97		2.6802e+15
   30.98		2.5695e+15
   30.99		2.4620e+15
   31.00		2.3577e+15
   31.01		2.2565e+15
   31.02		2.1585e+15
   31.03		2.0636e+15
   31.04		1.9717e+15
   31.05		1.8829e+15
   31.06		1.7970e+15
   31.07		1.7140e+15
   31.08		1.6339e+15
   31.09		1.5567e+15
   31.10		1.4823e+15
   31.11		1.4106e+15
   31.12		1.3416e+15
   31.13		1.2753e+15
   31.14		1.2116e+15
   31.15		1.1504e+15
   31.16		1.0918e+15
   31.17		1.0356e+15
   31.18		9.8189e+14
   31.19		9.3048e+14
   31.20		8.8137e+14
   31.21		8.3451e+14
   31.22		7.8984e+14
   31.23		7.4730e+14
   31.24		7.0684e+14
   31.25		6.6840e+14
   31.26		6.3192e+14
   31.27		5.9734e+14
   31.28		5.6460e+14
   31.29		5.3364e+14
   31.30		5.0440e+14
   31.31		4.7679e+14
   31.32		4.5075e+14
   31.33		4.2622e+14
   31.34		4.0312e+14
   31.35		3.8138e+14
   31.36		3.6093e+14
   31.37		3.4170e+14
   31.38		3.2362e+14
   31.39		3.0662e+14
   31.40		2.9062e+14
   31.41		2.7555e+14
   31.42		2.6133e+14
   31.43		2.4791e+14
   31.44		2.3519e+14
   31.45		2.2312e+14
   31.46		2.1160e+14
   31.47		2.0058e+14
   31.48		1.8998e+14
   31.49		1.7976e+14
   31.50		1.6990e+14
   31.51		1.6042e+14
   31.52		1.5128e+14
   31.53		1.4250e+14
   31.54		1.3407e+14
   31.55		1.2597e+14
   31.56		1.1820e+14
   31.57		1.1076e+14
   31.58		1.0364e+14
   31.59		9.6822e+13
   31.60		9.0312e+13
   31.61		8.4100e+13
   31.62		7.8177e+13
   31.63		7.2539e+13
   31.64		6.7177e+13
   31.65		6.2085e+13
   31.66		5.7257e+13
   31.67		5.2684e+13
   31.68		4.8362e+13
   31.69		4.4281e+13
   31.70		4.0436e+13
   31.71		3.6820e+13
   31.72		3.3426e+13
   31.73		3.0247e+13
   31.74		2.7275e+13
   31.75		2.4504e+13
   31.76		2.1928e+13
   31.77		1.9538e+13
   31.78		1.7328e+13
   31.79		1.5292e+13
   31.80		1.3421e+13
   31.81		1.1709e+13
   31.82		1.0149e+13
   31.83		8.7344e+12
   31.84		7.4574e+12
   31.85		6.3113e+12
   31.86		5.2890e+12
   31.87		4.3834e+12
   31.88		3.5876e+12
   31.89		2.8944e+12
   31.90		2.2967e+12
   31.91		1.7875e+12
   31.92		1.3598e+12
   31.93		1.0063e+12
   31.94		7.2010e+11
   31.95		4.9404e+11
   31.96		3.2103e+11
   31.97		1.9399e+11
   31.98		1.0580e+11
   31.99		4.9374e+10
   32.00		1.7634e+10
   32.01		3.5268e+09
   32.02		0.0000e+00
   32.03		0.0000e+00
   32.04		0.0000e+00
   32.05		0.0000e+00
   32.06		0.0000e+00
   32.07		0.0000e+00
   32.08		0.0000e+00
   32.09		0.0000e+00
   32.10		0.0000e+00
   32.11		0.0000e+00
   32.12		0.0000e+00
   32.13		0.0000e+00
   32.14		0.0000e+00
   32.15		0.0000e+00
   32.16		0.0000e+00
   32.17		0.0000e+00
   32.18		0.0000e+00
   32.19		0.0000e+00
   32.20		0.0000e+00
   32.21		0.0000e+00
   32.22		0.0000e+00
   32.23		0.0000e+00
   32.24		0.0000e+00
   32.25		0.0000e+00
   32.26		0.0000e+00
   32.27		0.0000e+00
   32.28		0.0000e+00
   32.29		0.0000e+00
   32.30		0.0000e+00
   32.31		0.0000e+00
   32.32		0.0000e+00
   32.33		0.0000e+00
   32.34		0.0000e+00
   32.35		0.0000e+00
   32.36		0.0000e+00
   32.37		0.0000e+00
   32.38		0.0000e+00
   32.39		0.0000e+00
   32.40		0.0000e+00
   32.41		0.0000e+00
   32.42		0.0000e+00
   32.43		0.0000e+00
   32.44		0.0000e+00
   32.45		0.0000e+00
   32.46		0.0000e+00
   32.47		0.0000e+00
   32.48		0.0000e+00
   32.49		0.0000e+00
   32.50		0.0000e+00
   32.51		0.0000e+00
   32.52		0.0000e+00
   32.53		0.0000e+00
   32.54		0.0000e+00
   32.55		0.0000e+00
   32.56		0.0000e+00
   32.57		0.0000e+00
   32.58		0.0000e+00
   32.59		0.0000e+00
   32.60		0.0000e+00
   32.61		0.0000e+00
   32.62		0.0000e+00
   32.63		0.0000e+00
   32.64		0.0000e+00
   32.65		0.0000e+00
   32.66		0.0000e+00
   32.67		0.0000e+00
   32.68		0.0000e+00
   32.69		0.0000e+00
   32.70		0.0000e+00
   32.71		0.0000e+00
   32.72		0.0000e+00
   32.73		0.0000e+00
   32.74		0.0000e+00
   32.75		0.0000e+00
   32.76		0.0000e+00
   32.77		0.0000e+00
   32.78		0.0000e+00
   32.79		0.0000e+00
   32.80		0.0000e+00
   32.81		0.0000e+00
   32.82		0.0000e+00
   32.83		0.0000e+00
   32.84		0.0000e+00
   32.85		0.0000e+00
   32.86		0.0000e+00
   32.87		0.0000e+00
   32.88		0.0000e+00
   32.89		0.0000e+00
   32.90		0.0000e+00
   32.91		0.0000e+00
   32.92		0.0000e+00
   32.93		0.0000e+00
   32.94		0.0000e+00
   32.95		0.0000e+00
   32.96		0.0000e+00
   32.97		0.0000e+00
   32.98		0.0000e+00
   32.99		0.0000e+00
   33.00		0.0000e+00
   33.01		0.0000e+00
   33.02		0.0000e+00
   33.03		0.0000e+00
   33.04		0.0000e+00
   33.05		0.0000e+00
   33.06		0.0000e+00
   33.07		0.0000e+00
   33.08		0.0000e+00
   33.09		0.0000e+00
   33.10		0.0000e+00
   33.11		0.0000e+00
   33.12		0.0000e+00
   33.13		0.0000e+00
   33.14		0.0000e+00
   33.15		0.0000e+00
   33.16		0.0000e+00
   33.17		0.0000e+00
   33.18		0.0000e+00
   33.19		0.0000e+00
   33.20		0.0000e+00
   33.21		0.0000e+00
   33.22		0.0000e+00
   33.23		0.0000e+00
   33.24		0.0000e+00
   33.25		0.0000e+00
   33.26		0.0000e+00
   33.27		0.0000e+00
   33.28		0.0000e+00
   33.29		0.0000e+00
   33.30		0.0000e+00
   33.31		0.0000e+00
   33.32		0.0000e+00
   33.33		0.0000e+00
   33.34		0.0000e+00
   33.35		0.0000e+00
   33.36		0.0000e+00
   33.37		0.0000e+00
   33.38		0.0000e+00
   33.39		0.0000e+00
   33.40		0.0000e+00
   33.41		0.0000e+00
   33.42		0.0000e+00
   33.43		0.0000e+00
   33.44		0.0000e+00
   33.45		0.0000e+00
   33.46		0.0000e+00
   33.47		0.0000e+00
   33.48		0.0000e+00
   33.49		0.0000e+00
   33.50		0.0000e+00
   33.51		0.0000e+00
   33.52		0.0000e+00
   33.53		0.0000e+00
   33.54		0.0000e+00
   33.55		0.0000e+00
   33.56		0.0000e+00
   33.57		0.0000e+00
   33.58		0.0000e+00
   33.59		0.0000e+00
   33.60		0.0000e+00
   33.61		0.0000e+00
   33.62		0.0000e+00
   33.63		0.0000e+00
   33.64		0.0000e+00
   33.65		0.0000e+00
   33.66		0.0000e+00
   33.67		0.0000e+00
   33.68		0.0000e+00
   33.69		0.0000e+00
   33.70		0.0000e+00
   33.71		0.0000e+00
   33.72		0.0000e+00
   33.73		0.0000e+00
   33.74		0.0000e+00
   33.75		0.0000e+00
   33.76		0.0000e+00
   33.77		0.0000e+00
   33.78		0.0000e+00
   33.79		0.0000e+00
   33.80		0.0000e+00
   33.81		0.0000e+00
   33.82		0.0000e+00
   33.83		0.0000e+00
   33.84		0.0000e+00
   33.85		0.0000e+00
   33.86		0.0000e+00
   33.87		0.0000e+00
   33.88		0.0000e+00
   33.89		0.0000e+00
   33.90		0.0000e+00
   33.91		0.0000e+00
   33.92		0.0000e+00
   33.93		0.0000e+00
   33.94		0.0000e+00
   33.95		0.0000e+00
   33.96		0.0000e+00
   33.97		0.0000e+00
   33.98		0.0000e+00
   33.99		0.0000e+00
   34.00		0.0000e+00
   34.01		0.0000e+00
   34.02		0.0000e+00
   34.03		0.0000e+00
   34.04		0.0000e+00
   34.05		0.0000e+00
   34.06		0.0000e+00
   34.07		0.0000e+00
   34.08		0.0000e+00
   34.09		0.0000e+00
   34.10		0.0000e+00
   34.11		0.0000e+00
   34.12		0.0000e+00
   34.13		0.0000e+00
   34.14		0.0000e+00
   34.15		0.0000e+00
   34.16		0.0000e+00
   34.17		0.0000e+00
   34.18		0.0000e+00
   34.19		0.0000e+00
   34.20		0.0000e+00
   34.21		0.0000e+00
   34.22		0.0000e+00
   34.23		0.0000e+00
   34.24		0.0000e+00
   34.25		0.0000e+00
   34.26		0.0000e+00
   34.27		0.0000e+00
   34.28		0.0000e+00
   34.29		0.0000e+00
   34.30		0.0000e+00
   34.31		0.0000e+00
   34.32		0.0000e+00
   34.33		0.0000e+00
   34.34		0.0000e+00
   34.35		0.0000e+00
   34.36		0.0000e+00
   34.37		0.0000e+00
   34.38		0.0000e+00
   34.39		0.0000e+00
   34.40		0.0000e+00
   34.41		0.0000e+00
   34.42		0.0000e+00
   34.43		0.0000e+00
   34.44		0.0000e+00
   34.45		0.0000e+00
   34.46		0.0000e+00
   34.47		0.0000e+00
   34.48		0.0000e+00
   34.49		0.0000e+00
   34.50		0.0000e+00
   34.51		0.0000e+00
   34.52		0.0000e+00
   34.53		0.0000e+00
   34.54		0.0000e+00
   34.55		0.0000e+00
   34.56		0.0000e+00
   34.57		0.0000e+00
   34.58		0.0000e+00
   34.59		0.0000e+00
   34.60		0.0000e+00
   34.61		0.0000e+00
   34.62		0.0000e+00
   34.63		0.0000e+00
   34.64		0.0000e+00
   34.65		0.0000e+00
   34.66		0.0000e+00
   34.67		0.0000e+00
   34.68		0.0000e+00
   34.69		0.0000e+00
   34.70		0.0000e+00
   34.71		0.0000e+00
   34.72		0.0000e+00
   34.73		0.0000e+00
   34.74		0.0000e+00
   34.75		0.0000e+00
   34.76		0.0000e+00
   34.77		0.0000e+00
   34.78		0.0000e+00
   34.79		0.0000e+00
   34.80		0.0000e+00
   34.81		0.0000e+00
   34.82		0.0000e+00
   34.83		0.0000e+00
   34.84		0.0000e+00
   34.85		0.0000e+00
   34.86		0.0000e+00
   34.87		0.0000e+00
   34.88		0.0000e+00
   34.89		0.0000e+00
   34.90		0.0000e+00
   34.91		0.0000e+00
   34.92		0.0000e+00
   34.93		0.0000e+00
   34.94		0.0000e+00
   34.95		0.0000e+00
   34.96		0.0000e+00
   34.97		0.0000e+00
   34.98		0.0000e+00
   34.99		0.0000e+00
   35.00		0.0000e+00
   35.01		0.0000e+00
   35.02		0.0000e+00
   35.03		0.0000e+00
   35.04		0.0000e+00
   35.05		0.0000e+00
   35.06		0.0000e+00
   35.07		0.0000e+00
   35.08		0.0000e+00
   35.09		0.0000e+00
   35.10		0.0000e+00
   35.11		0.0000e+00
   35.12		0.0000e+00
   35.13		0.0000e+00
   35.14		0.0000e+00
   35.15		0.0000e+00
   35.16		0.0000e+00
   35.17		0.0000e+00
   35.18		0.0000e+00
   35.19		0.0000e+00
   35.20		0.0000e+00
   35.21		0.0000e+00
   35.22		0.0000e+00
   35.23		0.0000e+00
   35.24		0.0000e+00
   35.25		0.0000e+00
   35.26		0.0000e+00
   35.27		0.0000e+00
   35.28		0.0000e+00
   35.29		0.0000e+00
   35.30		0.0000e+00
   35.31		0.0000e+00
   35.32		0.0000e+00
   35.33		0.0000e+00
   35.34		0.0000e+00
   35.35		0.0000e+00
   35.36		0.0000e+00
   35.37		0.0000e+00
   35.38		0.0000e+00
   35.39		0.0000e+00
   35.40		0.0000e+00
   35.41		0.0000e+00
   35.42		0.0000e+00
   35.43		0.0000e+00
   35.44		0.0000e+00
   35.45		0.0000e+00
   35.46		0.0000e+00
   35.47		0.0000e+00
   35.48		0.0000e+00
   35.49		0.0000e+00
   35.50		0.0000e+00
   35.51		0.0000e+00
   35.52		0.0000e+00
   35.53		0.0000e+00
   35.54		0.0000e+00
   35.55		0.0000e+00
   35.56		0.0000e+00
   35.57		0.0000e+00
   35.58		0.0000e+00
   35.59		0.0000e+00
   35.60		0.0000e+00
   35.61		0.0000e+00
   35.62		0.0000e+00
   35.63		0.0000e+00
   35.64		0.0000e+00
   35.65		0.0000e+00
   35.66		0.0000e+00
   35.67		0.0000e+00
   35.68		0.0000e+00
   35.69		0.0000e+00
   35.70		0.0000e+00
   35.71		0.0000e+00
   35.72		0.0000e+00
   35.73		0.0000e+00
   35.74		0.0000e+00
   35.75		0.0000e+00
   35.76		0.0000e+00
   35.77		0.0000e+00
   35.78		0.0000e+00
   35.79		0.0000e+00
   35.80		0.0000e+00
   35.81		0.0000e+00
   35.82		0.0000e+00
   35.83		0.0000e+00
   35.84		0.0000e+00
   35.85		0.0000e+00
   35.86		0.0000e+00
   35.87		0.0000e+00
   35.88		0.0000e+00
   35.89		0.0000e+00
   35.90		0.0000e+00
   35.91		0.0000e+00
   35.92		0.0000e+00
   35.93		0.0000e+00
   35.94		0.0000e+00
   35.95		0.0000e+00
   35.96		0.0000e+00
   35.97		0.0000e+00
   35.98		0.0000e+00
   35.99		0.0000e+00
   36.00		0.0000e+00
   36.01		0.0000e+00
   36.02		0.0000e+00
   36.03		0.0000e+00
   36.04		0.0000e+00
   36.05		0.0000e+00
   36.06		0.0000e+00
   36.07		0.0000e+00
   36.08		0.0000e+00
   36.09		0.0000e+00
   36.10		0.0000e+00
   36.11		0.0000e+00
   36.12		0.0000e+00
   36.13		0.0000e+00
   36.14		0.0000e+00
   36.15		0.0000e+00
   36.16		0.0000e+00
   36.17		0.0000e+00
   36.18		0.0000e+00
   36.19		0.0000e+00
   36.20		0.0000e+00
   36.21		0.0000e+00
   36.22		0.0000e+00
   36.23		0.0000e+00
   36.24		0.0000e+00
   36.25		0.0000e+00
   36.26		0.0000e+00
   36.27		0.0000e+00
   36.28		0.0000e+00
   36.29		0.0000e+00
   36.30		0.0000e+00
   36.31		0.0000e+00
   36.32		0.0000e+00
   36.33		0.0000e+00
   36.34		0.0000e+00
   36.35		0.0000e+00
   36.36		0.0000e+00
   36.37		0.0000e+00
   36.38		0.0000e+00
   36.39		0.0000e+00
   36.40		0.0000e+00
   36.41		0.0000e+00
   36.42		0.0000e+00
   36.43		0.0000e+00
   36.44		0.0000e+00
   36.45		0.0000e+00
   36.46		0.0000e+00
   36.47		0.0000e+00
   36.48		0.0000e+00
   36.49		0.0000e+00
   36.50		0.0000e+00
   36.51		0.0000e+00
   36.52		0.0000e+00
   36.53		0.0000e+00
   36.54		0.0000e+00
   36.55		0.0000e+00
   36.56		0.0000e+00
   36.57		0.0000e+00
   36.58		0.0000e+00
   36.59		0.0000e+00
   36.60		0.0000e+00
   36.61		0.0000e+00
   36.62		0.0000e+00
   36.63		0.0000e+00
   36.64		0.0000e+00
   36.65		0.0000e+00
   36.66		0.0000e+00
   36.67		0.0000e+00
   36.68		0.0000e+00
   36.69		0.0000e+00
   36.70		0.0000e+00
   36.71		0.0000e+00
   36.72		0.0000e+00
   36.73		0.0000e+00
   36.74		0.0000e+00
   36.75		0.0000e+00
   36.76		0.0000e+00
   36.77		0.0000e+00
   36.78		0.0000e+00
   36.79		0.0000e+00
   36.80		0.0000e+00
   36.81		0.0000e+00
   36.82		0.0000e+00
   36.83		0.0000e+00
   36.84		0.0000e+00
   36.85		0.0000e+00
   36.86		0.0000e+00
   36.87		0.0000e+00
   36.88		0.0000e+00
   36.89		0.0000e+00
   36.90		0.0000e+00
   36.91		0.0000e+00
   36.92		0.0000e+00
   36.93		0.0000e+00
   36.94		0.0000e+00
   36.95		0.0000e+00
   36.96		0.0000e+00
   36.97		0.0000e+00
   36.98		0.0000e+00
   36.99		0.0000e+00
   37.00		0.0000e+00
   37.01		0.0000e+00
   37.02		0.0000e+00
   37.03		0.0000e+00
   37.04		0.0000e+00
   37.05		0.0000e+00
   37.06		0.0000e+00
   37.07		0.0000e+00
   37.08		0.0000e+00
   37.09		0.0000e+00
   37.10		0.0000e+00
   37.11		0.0000e+00
   37.12		0.0000e+00
   37.13		0.0000e+00
   37.14		0.0000e+00
   37.15		0.0000e+00
   37.16		0.0000e+00
   37.17		0.0000e+00
   37.18		0.0000e+00
   37.19		0.0000e+00
   37.20		0.0000e+00
   37.21		0.0000e+00
   37.22		0.0000e+00
   37.23		0.0000e+00
   37.24		0.0000e+00
   37.25		0.0000e+00
   37.26		0.0000e+00
   37.27		0.0000e+00
   37.28		0.0000e+00
   37.29		0.0000e+00
   37.30		0.0000e+00
   37.31		0.0000e+00
   37.32		0.0000e+00
   37.33		0.0000e+00
   37.34		0.0000e+00
   37.35		0.0000e+00
   37.36		0.0000e+00
   37.37		0.0000e+00
   37.38		0.0000e+00
   37.39		0.0000e+00
   37.40		0.0000e+00
   37.41		0.0000e+00
   37.42		0.0000e+00
   37.43		0.0000e+00
   37.44		0.0000e+00
   37.45		0.0000e+00
   37.46		0.0000e+00
   37.47		0.0000e+00
   37.48		0.0000e+00
   37.49		0.0000e+00
   37.50		0.0000e+00
   37.51		0.0000e+00
   37.52		0.0000e+00
   37.53		0.0000e+00
   37.54		0.0000e+00
   37.55		0.0000e+00
   37.56		0.0000e+00
   37.57		0.0000e+00
   37.58		0.0000e+00
   37.59		0.0000e+00
   37.60		0.0000e+00
   37.61		0.0000e+00
   37.62		0.0000e+00
   37.63		0.0000e+00
   37.64		0.0000e+00
   37.65		0.0000e+00
   37.66		0.0000e+00
   37.67		0.0000e+00
   37.68		0.0000e+00
   37.69		0.0000e+00
   37.70		0.0000e+00
   37.71		0.0000e+00
   37.72		0.0000e+00
   37.73		0.0000e+00
   37.74		0.0000e+00
   37.75		0.0000e+00
   37.76		0.0000e+00
   37.77		0.0000e+00
   37.78		0.0000e+00
   37.79		0.0000e+00
   37.80		0.0000e+00
   37.81		0.0000e+00
   37.82		0.0000e+00
   37.83		0.0000e+00
   37.84		0.0000e+00
   37.85		0.0000e+00
   37.86		0.0000e+00
   37.87		0.0000e+00
   37.88		0.0000e+00
   37.89		0.0000e+00
   37.90		0.0000e+00
   37.91		0.0000e+00
   37.92		0.0000e+00
   37.93		0.0000e+00
   37.94		0.0000e+00
   37.95		0.0000e+00
   37.96		0.0000e+00
   37.97		0.0000e+00
   37.98		0.0000e+00
   37.99		0.0000e+00
   38.00		0.0000e+00
   38.01		0.0000e+00
   38.02		0.0000e+00
   38.03		0.0000e+00
   38.04		0.0000e+00
   38.05		0.0000e+00
   38.06		0.0000e+00
   38.07		0.0000e+00
   38.08		0.0000e+00
   38.09		0.0000e+00
   38.10		0.0000e+00
   38.11		0.0000e+00
   38.12		0.0000e+00
   38.13		0.0000e+00
   38.14		0.0000e+00
   38.15		0.0000e+00
   38.16		0.0000e+00
   38.17		0.0000e+00
   38.18		0.0000e+00
   38.19		0.0000e+00
   38.20		0.0000e+00
   38.21		0.0000e+00
   38.22		0.0000e+00
   38.23		0.0000e+00
   38.24		0.0000e+00
   38.25		0.0000e+00
   38.26		0.0000e+00
   38.27		0.0000e+00
   38.28		0.0000e+00
   38.29		0.0000e+00
   38.30		0.0000e+00
   38.31		0.0000e+00
   38.32		0.0000e+00
   38.33		0.0000e+00
   38.34		0.0000e+00
   38.35		0.0000e+00
   38.36		0.0000e+00
   38.37		0.0000e+00
   38.38		0.0000e+00
   38.39		0.0000e+00
   38.40		0.0000e+00
   38.41		0.0000e+00
   38.42		0.0000e+00
   38.43		0.0000e+00
   38.44		0.0000e+00
   38.45		0.0000e+00
   38.46		0.0000e+00
   38.47		0.0000e+00
   38.48		0.0000e+00
   38.49		0.0000e+00
   38.50		0.0000e+00
   38.51		0.0000e+00
   38.52		0.0000e+00
   38.53		0.0000e+00
   38.54		0.0000e+00
   38.55		0.0000e+00
   38.56		0.0000e+00
   38.57		0.0000e+00
   38.58		0.0000e+00
   38.59		0.0000e+00
   38.60		0.0000e+00
   38.61		0.0000e+00
   38.62		0.0000e+00
   38.63		0.0000e+00
   38.64		0.0000e+00
   38.65		0.0000e+00
   38.66		0.0000e+00
   38.67		0.0000e+00
   38.68		0.0000e+00
   38.69		0.0000e+00
   38.70		0.0000e+00
   38.71		0.0000e+00
   38.72		0.0000e+00
   38.73		0.0000e+00
   38.74		0.0000e+00
   38.75		0.0000e+00
   38.76		0.0000e+00
   38.77		0.0000e+00
   38.78		0.0000e+00
   38.79		0.0000e+00
   38.80		0.0000e+00
   38.81		0.0000e+00
   38.82		0.0000e+00
   38.83		0.0000e+00
   38.84		0.0000e+00
   38.85		0.0000e+00
   38.86		0.0000e+00
   38.87		0.0000e+00
   38.88		0.0000e+00
   38.89		0.0000e+00
   38.90		0.0000e+00
   38.91		0.0000e+00
   38.92		0.0000e+00
   38.93		0.0000e+00
   38.94		0.0000e+00
   38.95		0.0000e+00
   38.96		0.0000e+00
   38.97		0.0000e+00
   38.98		0.0000e+00
   38.99		0.0000e+00
   39.00		0.0000e+00
   39.01		0.0000e+00
   39.02		0.0000e+00
   39.03		0.0000e+00
   39.04		0.0000e+00
   39.05		0.0000e+00
   39.06		0.0000e+00
   39.07		0.0000e+00
   39.08		0.0000e+00
   39.09		0.0000e+00
   39.10		0.0000e+00
   39.11		0.0000e+00
   39.12		0.0000e+00
   39.13		0.0000e+00
   39.14		0.0000e+00
   39.15		0.0000e+00
   39.16		0.0000e+00
   39.17		0.0000e+00
   39.18		0.0000e+00
   39.19		0.0000e+00
   39.20		0.0000e+00
   39.21		0.0000e+00
   39.22		0.0000e+00
   39.23		0.0000e+00
   39.24		0.0000e+00
   39.25		0.0000e+00
   39.26		0.0000e+00
   39.27		0.0000e+00
   39.28		0.0000e+00
   39.29		0.0000e+00
   39.30		0.0000e+00
   39.31		0.0000e+00
   39.32		0.0000e+00
   39.33		0.0000e+00
   39.34		0.0000e+00
   39.35		0.0000e+00
   39.36		0.0000e+00
   39.37		0.0000e+00
   39.38		0.0000e+00
   39.39		0.0000e+00
   39.40		0.0000e+00
   39.41		0.0000e+00
   39.42		0.0000e+00
   39.43		0.0000e+00
   39.44		0.0000e+00
   39.45		0.0000e+00
   39.46		0.0000e+00
   39.47		0.0000e+00
   39.48		0.0000e+00
   39.49		0.0000e+00
   39.50		0.0000e+00
   39.51		0.0000e+00
   39.52		0.0000e+00
   39.53		0.0000e+00
   39.54		0.0000e+00
   39.55		0.0000e+00
   39.56		0.0000e+00
   39.57		0.0000e+00
   39.58		0.0000e+00
   39.59		0.0000e+00
   39.60		0.0000e+00
   39.61		0.0000e+00
   39.62		0.0000e+00
   39.63		0.0000e+00
   39.64		0.0000e+00
   39.65		0.0000e+00
   39.66		0.0000e+00
   39.67		0.0000e+00
   39.68		0.0000e+00
   39.69		0.0000e+00
   39.70		0.0000e+00
   39.71		0.0000e+00
   39.72		0.0000e+00
   39.73		0.0000e+00
   39.74		0.0000e+00
   39.75		0.0000e+00
   39.76		0.0000e+00
   39.77		0.0000e+00
   39.78		0.0000e+00
   39.79		0.0000e+00
   39.80		0.0000e+00
   39.81		0.0000e+00
   39.82		0.0000e+00
   39.83		0.0000e+00
   39.84		0.0000e+00
   39.85		0.0000e+00
   39.86		0.0000e+00
   39.87		0.0000e+00
   39.88		0.0000e+00
   39.89		0.0000e+00
   39.90		0.0000e+00
   39.91		0.0000e+00
   39.92		0.0000e+00
   39.93		0.0000e+00
   39.94		0.0000e+00
   39.95		0.0000e+00
   39.96		0.0000e+00
   39.97		0.0000e+00
   39.98		0.0000e+00
   39.99		0.0000e+00
   40.00		0.0000e+00
   40.01		0.0000e+00
   40.02		0.0000e+00
   40.03		0.0000e+00
   40.04		0.0000e+00
   40.05		0.0000e+00
   40.06		0.0000e+00
   40.07		0.0000e+00
   40.08		0.0000e+00
   40.09		0.0000e+00
   40.10		0.0000e+00
   40.11		0.0000e+00
   40.12		0.0000e+00
   40.13		0.0000e+00
   40.14		0.0000e+00
   40.15		0.0000e+00
   40.16		0.0000e+00
   40.17		0.0000e+00
   40.18		0.0000e+00
   40.19		0.0000e+00
   40.20		0.0000e+00
   40.21		0.0000e+00
   40.22		0.0000e+00
   40.23		0.0000e+00
   40.24		0.0000e+00
   40.25		0.0000e+00
   40.26		0.0000e+00
   40.27		0.0000e+00
   40.28		0.0000e+00
   40.29		0.0000e+00
   40.30		0.0000e+00
   40.31		0.0000e+00
   40.32		0.0000e+00
   40.33		0.0000e+00
   40.34		0.0000e+00
   40.35		0.0000e+00
   40.36		0.0000e+00
   40.37		0.0000e+00
   40.38		0.0000e+00
   40.39		0.0000e+00
   40.40		0.0000e+00
   40.41		0.0000e+00
   40.42		0.0000e+00
   40.43		0.0000e+00
   40.44		0.0000e+00
   40.45		0.0000e+00
   40.46		0.0000e+00
   40.47		0.0000e+00
   40.48		0.0000e+00
   40.49		0.0000e+00
   40.50		0.0000e+00
   40.51		0.0000e+00
   40.52		0.0000e+00
   40.53		0.0000e+00
   40.54		0.0000e+00
   40.55		0.0000e+00
   40.56		0.0000e+00
   40.57		0.0000e+00
   40.58		0.0000e+00
   40.59		0.0000e+00
   40.60		0.0000e+00
   40.61		0.0000e+00
   40.62		0.0000e+00
   40.63		0.0000e+00
   40.64		0.0000e+00
   40.65		0.0000e+00
   40.66		0.0000e+00
   40.67		0.0000e+00
   40.68		0.0000e+00
   40.69		0.0000e+00
   40.70		0.0000e+00
   40.71		0.0000e+00
   40.72		0.0000e+00
   40.73		0.0000e+00
   40.74		0.0000e+00
   40.75		0.0000e+00
   40.76		0.0000e+00
   40.77		0.0000e+00
   40.78		0.0000e+00
   40.79		0.0000e+00
   40.80		0.0000e+00
   40.81		0.0000e+00
   40.82		0.0000e+00
   40.83		0.0000e+00
   40.84		0.0000e+00
   40.85		0.0000e+00
   40.86		0.0000e+00
   40.87		0.0000e+00
   40.88		0.0000e+00
   40.89		0.0000e+00
   40.90		0.0000e+00
   40.91		0.0000e+00
   40.92		0.0000e+00
   40.93		0.0000e+00
   40.94		0.0000e+00
   40.95		0.0000e+00
   40.96		0.0000e+00
   40.97		0.0000e+00
   40.98		0.0000e+00
   40.99		0.0000e+00
   41.00		0.0000e+00
   41.01		0.0000e+00
   41.02		0.0000e+00
   41.03		0.0000e+00
   41.04		0.0000e+00
   41.05		0.0000e+00
   41.06		0.0000e+00
   41.07		0.0000e+00
   41.08		0.0000e+00
   41.09		0.0000e+00
   41.10		0.0000e+00
   41.11		0.0000e+00
   41.12		0.0000e+00
   41.13		0.0000e+00
   41.14		0.0000e+00
   41.15		0.0000e+00
   41.16		0.0000e+00
   41.17		0.0000e+00
   41.18		0.0000e+00
   41.19		0.0000e+00
   41.20		0.0000e+00
   41.21		0.0000e+00
   41.22		0.0000e+00
   41.23		0.0000e+00
   41.24		0.0000e+00
   41.25		0.0000e+00
   41.26		0.0000e+00
   41.27		0.0000e+00
   41.28		0.0000e+00
   41.29		0.0000e+00
   41.30		0.0000e+00
   41.31		0.0000e+00
   41.32		0.0000e+00
   41.33		0.0000e+00
   41.34		0.0000e+00
   41.35		0.0000e+00
   41.36		0.0000e+00
   41.37		0.0000e+00
   41.38		0.0000e+00
   41.39		0.0000e+00
   41.40		0.0000e+00
   41.41		0.0000e+00
   41.42		0.0000e+00
   41.43		0.0000e+00
   41.44		0.0000e+00
   41.45		0.0000e+00
   41.46		0.0000e+00
   41.47		0.0000e+00
   41.48		0.0000e+00
   41.49		0.0000e+00
   41.50		0.0000e+00
   41.51		0.0000e+00
   41.52		0.0000e+00
   41.53		0.0000e+00
   41.54		0.0000e+00
   41.55		0.0000e+00
   41.56		0.0000e+00
   41.57		0.0000e+00
   41.58		0.0000e+00
   41.59		0.0000e+00
   41.60		0.0000e+00
   41.61		0.0000e+00
   41.62		0.0000e+00
   41.63		0.0000e+00
   41.64		0.0000e+00
   41.65		0.0000e+00
   41.66		0.0000e+00
   41.67		0.0000e+00
   41.68		0.0000e+00
   41.69		0.0000e+00
   41.70		0.0000e+00
   41.71		0.0000e+00
   41.72		0.0000e+00
   41.73		0.0000e+00
   41.74		0.0000e+00
   41.75		0.0000e+00
   41.76		0.0000e+00
   41.77		0.0000e+00
   41.78		0.0000e+00
   41.79		0.0000e+00
   41.80		0.0000e+00
   41.81		0.0000e+00
   41.82		0.0000e+00
   41.83		0.0000e+00
   41.84		0.0000e+00
   41.85		0.0000e+00
   41.86		0.0000e+00
   41.87		0.0000e+00
   41.88		0.0000e+00
   41.89		0.0000e+00
   41.90		0.0000e+00
   41.91		0.0000e+00
   41.92		0.0000e+00
   41.93		0.0000e+00
   41.94		0.0000e+00
   41.95		0.0000e+00
   41.96		0.0000e+00
   41.97		0.0000e+00
   41.98		0.0000e+00
   41.99		0.0000e+00
   42.00		0.0000e+00
   42.01		0.0000e+00
   42.02		0.0000e+00
   42.03		0.0000e+00
   42.04		0.0000e+00
   42.05		0.0000e+00
   42.06		0.0000e+00
   42.07		0.0000e+00
   42.08		0.0000e+00
   42.09		0.0000e+00
   42.10		0.0000e+00
   42.11		0.0000e+00
   42.12		0.0000e+00
   42.13		0.0000e+00
   42.14		0.0000e+00
   42.15		0.0000e+00
   42.16		0.0000e+00
   42.17		0.0000e+00
   42.18		0.0000e+00
   42.19		0.0000e+00
   42.20		0.0000e+00
   42.21		0.0000e+00
   42.22		0.0000e+00
   42.23		0.0000e+00
   42.24		0.0000e+00
   42.25		0.0000e+00
   42.26		0.0000e+00
   42.27		0.0000e+00
   42.28		0.0000e+00
   42.29		0.0000e+00
   42.30		0.0000e+00
   42.31		0.0000e+00
   42.32		0.0000e+00
   42.33		0.0000e+00
   42.34		0.0000e+00
   42.35		0.0000e+00
   42.36		0.0000e+00
   42.37		0.0000e+00
   42.38		0.0000e+00
   42.39		0.0000e+00
   42.40		0.0000e+00
   42.41		0.0000e+00
   42.42		0.0000e+00
   42.43		0.0000e+00
   42.44		0.0000e+00
   42.45		0.0000e+00
   42.46		0.0000e+00
   42.47		0.0000e+00
   42.48		0.0000e+00
   42.49		0.0000e+00
   42.50		0.0000e+00
   42.51		0.0000e+00
   42.52		0.0000e+00
   42.53		0.0000e+00
   42.54		0.0000e+00
   42.55		0.0000e+00
   42.56		0.0000e+00
   42.57		0.0000e+00
   42.58		0.0000e+00
   42.59		0.0000e+00
   42.60		0.0000e+00
   42.61		0.0000e+00
   42.62		0.0000e+00
   42.63		0.0000e+00
   42.64		0.0000e+00
   42.65		0.0000e+00
   42.66		0.0000e+00
   42.67		0.0000e+00
   42.68		0.0000e+00
   42.69		0.0000e+00
   42.70		0.0000e+00
   42.71		0.0000e+00
   42.72		0.0000e+00
   42.73		0.0000e+00
   42.74		0.0000e+00
   42.75		0.0000e+00
   42.76		0.0000e+00
   42.77		0.0000e+00
   42.78		0.0000e+00
   42.79		0.0000e+00
   42.80		0.0000e+00
   42.81		0.0000e+00
   42.82		0.0000e+00
   42.83		0.0000e+00
   42.84		0.0000e+00
   42.85		0.0000e+00
   42.86		0.0000e+00
   42.87		0.0000e+00
   42.88		0.0000e+00
   42.89		0.0000e+00
   42.90		0.0000e+00
   42.91		0.0000e+00
   42.92		0.0000e+00
   42.93		0.0000e+00
   42.94		0.0000e+00
   42.95		0.0000e+00
   42.96		0.0000e+00
   42.97		0.0000e+00
   42.98		0.0000e+00
   42.99		0.0000e+00
   43.00		0.0000e+00
   43.01		0.0000e+00
   43.02		0.0000e+00
   43.03		0.0000e+00
   43.04		0.0000e+00
   43.05		0.0000e+00
   43.06		0.0000e+00
   43.07		0.0000e+00
   43.08		0.0000e+00
   43.09		0.0000e+00
   43.10		0.0000e+00
   43.11		0.0000e+00
   43.12		0.0000e+00
   43.13		0.0000e+00
   43.14		0.0000e+00
   43.15		0.0000e+00
   43.16		0.0000e+00
   43.17		0.0000e+00
   43.18		0.0000e+00
   43.19		0.0000e+00
   43.20		0.0000e+00
   43.21		0.0000e+00
   43.22		0.0000e+00
   43.23		0.0000e+00
   43.24		0.0000e+00
   43.25		0.0000e+00
   43.26		0.0000e+00
   43.27		0.0000e+00
   43.28		0.0000e+00
   43.29		0.0000e+00
   43.30		0.0000e+00
   43.31		0.0000e+00
   43.32		0.0000e+00
   43.33		0.0000e+00
   43.34		0.0000e+00
   43.35		0.0000e+00
   43.36		0.0000e+00
   43.37		0.0000e+00
   43.38		0.0000e+00
   43.39		0.0000e+00
   43.40		0.0000e+00
   43.41		0.0000e+00
   43.42		0.0000e+00
   43.43		0.0000e+00
   43.44		0.0000e+00
   43.45		0.0000e+00
   43.46		0.0000e+00
   43.47		0.0000e+00
   43.48		0.0000e+00
   43.49		0.0000e+00
   43.50		0.0000e+00
   43.51		0.0000e+00
   43.52		0.0000e+00
   43.53		0.0000e+00
   43.54		0.0000e+00
   43.55		0.0000e+00
   43.56		0.0000e+00
   43.57		0.0000e+00
   43.58		0.0000e+00
   43.59		0.0000e+00
   43.60		0.0000e+00
   43.61		0.0000e+00
   43.62		0.0000e+00
   43.63		0.0000e+00
   43.64		0.0000e+00
   43.65		0.0000e+00
   43.66		0.0000e+00
   43.67		0.0000e+00
   43.68		0.0000e+00
   43.69		0.0000e+00
   43.70		0.0000e+00
   43.71		0.0000e+00
   43.72		0.0000e+00
   43.73		0.0000e+00
   43.74		0.0000e+00
   43.75		0.0000e+00
   43.76		0.0000e+00
   43.77		0.0000e+00
   43.78		0.0000e+00
   43.79		0.0000e+00
   43.80		0.0000e+00
   43.81		0.0000e+00
   43.82		0.0000e+00
   43.83		0.0000e+00
   43.84		0.0000e+00
   43.85		0.0000e+00
   43.86		0.0000e+00
   43.87		0.0000e+00
   43.88		0.0000e+00
   43.89		0.0000e+00
   43.90		0.0000e+00
   43.91		0.0000e+00
   43.92		0.0000e+00
   43.93		0.0000e+00
   43.94		0.0000e+00
   43.95		0.0000e+00
   43.96		0.0000e+00
   43.97		0.0000e+00
   43.98		0.0000e+00
   43.99		0.0000e+00
   44.00		0.0000e+00
   44.01		0.0000e+00
   44.02		0.0000e+00
   44.03		0.0000e+00
   44.04		0.0000e+00
   44.05		0.0000e+00
   44.06		0.0000e+00
   44.07		0.0000e+00
   44.08		0.0000e+00
   44.09		0.0000e+00
   44.10		0.0000e+00
   44.11		0.0000e+00
   44.12		0.0000e+00
   44.13		0.0000e+00
   44.14		0.0000e+00
   44.15		0.0000e+00
   44.16		0.0000e+00
   44.17		0.0000e+00
   44.18		0.0000e+00
   44.19		0.0000e+00
   44.20		0.0000e+00
   44.21		0.0000e+00
   44.22		0.0000e+00
   44.23		0.0000e+00
   44.24		0.0000e+00
   44.25		0.0000e+00
   44.26		0.0000e+00
   44.27		0.0000e+00
   44.28		0.0000e+00
   44.29		0.0000e+00
   44.30		0.0000e+00
   44.31		0.0000e+00
   44.32		0.0000e+00
   44.33		0.0000e+00
   44.34		0.0000e+00
   44.35		0.0000e+00
   44.36		0.0000e+00
   44.37		0.0000e+00
   44.38		0.0000e+00
   44.39		0.0000e+00
   44.40		0.0000e+00
   44.41		0.0000e+00
   44.42		0.0000e+00
   44.43		0.0000e+00
   44.44		0.0000e+00
   44.45		0.0000e+00
   44.46		0.0000e+00
   44.47		0.0000e+00
   44.48		0.0000e+00
   44.49		0.0000e+00
   44.50		0.0000e+00
   44.51		0.0000e+00
   44.52		0.0000e+00
   44.53		0.0000e+00
   44.54		0.0000e+00
   44.55		0.0000e+00
   44.56		0.0000e+00
   44.57		0.0000e+00
   44.58		0.0000e+00
   44.59		0.0000e+00
   44.60		0.0000e+00
   44.61		0.0000e+00
   44.62		0.0000e+00
   44.63		0.0000e+00
   44.64		0.0000e+00
   44.65		0.0000e+00
   44.66		0.0000e+00
   44.67		0.0000e+00
   44.68		0.0000e+00
   44.69		0.0000e+00
   44.70		0.0000e+00
   44.71		0.0000e+00
   44.72		0.0000e+00
   44.73		0.0000e+00
   44.74		0.0000e+00
   44.75		0.0000e+00
   44.76		0.0000e+00
   44.77		0.0000e+00
   44.78		0.0000e+00
   44.79		0.0000e+00
   44.80		0.0000e+00
   44.81		0.0000e+00
   44.82		0.0000e+00
   44.83		0.0000e+00
   44.84		0.0000e+00
   44.85		0.0000e+00
   44.86		0.0000e+00
   44.87		0.0000e+00
   44.88		0.0000e+00
   44.89		0.0000e+00
   44.90		0.0000e+00
   44.91		0.0000e+00
   44.92		0.0000e+00
   44.93		0.0000e+00
   44.94		0.0000e+00
   44.95		0.0000e+00
   44.96		0.0000e+00
   44.97		0.0000e+00
   44.98		0.0000e+00
   44.99		0.0000e+00
   45.00		0.0000e+00
   45.01		0.0000e+00
   45.02		0.0000e+00
   45.03		0.0000e+00
   45.04		0.0000e+00
   45.05		0.0000e+00
   45.06		0.0000e+00
   45.07		0.0000e+00
   45.08		0.0000e+00
   45.09		0.0000e+00
   45.10		0.0000e+00
   45.11		0.0000e+00
   45.12		0.0000e+00
   45.13		0.0000e+00
   45.14		0.0000e+00
   45.15		0.0000e+00
   45.16		0.0000e+00
   45.17		0.0000e+00
   45.18		0.0000e+00
   45.19		0.0000e+00
   45.20		0.0000e+00
   45.21		0.0000e+00
   45.22		0.0000e+00
   45.23		0.0000e+00
   45.24		0.0000e+00
   45.25		0.0000e+00
   45.26		0.0000e+00
   45.27		0.0000e+00
   45.28		0.0000e+00
   45.29		0.0000e+00
   45.30		0.0000e+00
   45.31		0.0000e+00
   45.32		0.0000e+00
   45.33		0.0000e+00
   45.34		0.0000e+00
   45.35		0.0000e+00
   45.36		0.0000e+00
   45.37		0.0000e+00
   45.38		0.0000e+00
   45.39		0.0000e+00
   45.40		0.0000e+00
   45.41		0.0000e+00
   45.42		0.0000e+00
   45.43		0.0000e+00
   45.44		0.0000e+00
   45.45		0.0000e+00
   45.46		0.0000e+00
   45.47		0.0000e+00
   45.48		0.0000e+00
   45.49		0.0000e+00
   45.50		0.0000e+00
   45.51		0.0000e+00
   45.52		0.0000e+00
   45.53		0.0000e+00
   45.54		0.0000e+00
   45.55		0.0000e+00
   45.56		0.0000e+00
   45.57		0.0000e+00
   45.58		0.0000e+00
   45.59		0.0000e+00
   45.60		0.0000e+00
   45.61		0.0000e+00
   45.62		0.0000e+00
   45.63		0.0000e+00
   45.64		0.0000e+00
   45.65		0.0000e+00
   45.66		0.0000e+00
   45.67		0.0000e+00
   45.68		0.0000e+00
   45.69		0.0000e+00
   45.70		0.0000e+00
   45.71		0.0000e+00
   45.72		0.0000e+00
   45.73		0.0000e+00
   45.74		0.0000e+00
   45.75		0.0000e+00
   45.76		0.0000e+00
   45.77		0.0000e+00
   45.78		0.0000e+00
   45.79		0.0000e+00
   45.80		0.0000e+00
   45.81		0.0000e+00
   45.82		0.0000e+00
   45.83		0.0000e+00
   45.84		0.0000e+00
   45.85		0.0000e+00
   45.86		0.0000e+00
   45.87		0.0000e+00
   45.88		0.0000e+00
   45.89		0.0000e+00
   45.90		0.0000e+00
   45.91		0.0000e+00
   45.92		0.0000e+00
   45.93		0.0000e+00
   45.94		0.0000e+00
   45.95		0.0000e+00
   45.96		0.0000e+00
   45.97		0.0000e+00
   45.98		0.0000e+00
   45.99		0.0000e+00
   46.00		0.0000e+00
   46.01		0.0000e+00
   46.02		0.0000e+00
   46.03		0.0000e+00
   46.04		0.0000e+00
   46.05		0.0000e+00
   46.06		0.0000e+00
   46.07		0.0000e+00
   46.08		0.0000e+00
   46.09		0.0000e+00
   46.10		0.0000e+00
   46.11		0.0000e+00
   46.12		0.0000e+00
   46.13		0.0000e+00
   46.14		0.0000e+00
   46.15		0.0000e+00
   46.16		0.0000e+00
   46.17		0.0000e+00
   46.18		0.0000e+00
   46.19		0.0000e+00
   46.20		0.0000e+00
   46.21		0.0000e+00
   46.22		0.0000e+00
   46.23		0.0000e+00
   46.24		0.0000e+00
   46.25		0.0000e+00
   46.26		0.0000e+00
   46.27		0.0000e+00
   46.28		0.0000e+00
   46.29		0.0000e+00
   46.30		0.0000e+00
   46.31		0.0000e+00
   46.32		0.0000e+00
   46.33		0.0000e+00
   46.34		0.0000e+00
   46.35		0.0000e+00
   46.36		0.0000e+00
   46.37		0.0000e+00
   46.38		0.0000e+00
   46.39		0.0000e+00
   46.40		0.0000e+00
   46.41		0.0000e+00
   46.42		0.0000e+00
   46.43		0.0000e+00
   46.44		0.0000e+00
   46.45		0.0000e+00
   46.46		0.0000e+00
   46.47		0.0000e+00
   46.48		0.0000e+00
   46.49		0.0000e+00
   46.50		0.0000e+00
   46.51		0.0000e+00
   46.52		0.0000e+00
   46.53		0.0000e+00
   46.54		0.0000e+00
   46.55		0.0000e+00
   46.56		0.0000e+00
   46.57		0.0000e+00
   46.58		0.0000e+00
   46.59		0.0000e+00
   46.60		0.0000e+00
   46.61		0.0000e+00
   46.62		0.0000e+00
   46.63		0.0000e+00
   46.64		0.0000e+00
   46.65		0.0000e+00
   46.66		0.0000e+00
   46.67		0.0000e+00
   46.68		0.0000e+00
   46.69		0.0000e+00
   46.70		0.0000e+00
   46.71		0.0000e+00
   46.72		0.0000e+00
   46.73		0.0000e+00
   46.74		0.0000e+00
   46.75		0.0000e+00
   46.76		0.0000e+00
   46.77		0.0000e+00
   46.78		0.0000e+00
   46.79		0.0000e+00
   46.80		0.0000e+00
   46.81		0.0000e+00
   46.82		0.0000e+00
   46.83		0.0000e+00
   46.84		0.0000e+00
   46.85		0.0000e+00
   46.86		0.0000e+00
   46.87		0.0000e+00
   46.88		0.0000e+00
   46.89		0.0000e+00
   46.90		0.0000e+00
   46.91		0.0000e+00
   46.92		0.0000e+00
   46.93		0.0000e+00
